,price
21150936,7.0
21150937,7.0
21150938,7.0
21150939,7.0
21150940,7.0
21150941,7.0
21150942,7.0
21150943,7.0
21150944,6.0
21150945,6.0
21150946,7.0
21150947,7.0
21150948,7.0
21150949,6.0
21150950,6.0
21150951,7.0
21150952,7.0
21150953,7.0
21150954,7.0
21150955,7.0
21150956,6.0
21150957,6.0
21150958,6.0
21150959,6.0
21150960,6.0
21150961,6.0
21150962,7.0
21150963,6.0
21150964,6.0
21150965,6.0
21150966,6.0
21150967,6.0
21150968,6.0
21150969,7.0
21150970,6.0
21150971,6.0
21150972,6.0
21150973,6.0
21150974,6.0
21150975,6.0
21150976,7.0
21150977,6.0
21150978,6.0
21150979,6.0
21150980,6.0
21150981,6.0
21150982,6.0
21150983,6.0
21150984,6.0
21150985,6.0
21150986,6.0
21150987,6.0
21150988,6.0
21150989,6.0
21150990,6.0
21150991,6.0
21150992,6.0
21150993,6.0
21150994,6.0
21150995,6.0
21150996,6.0
21150997,7.0
21150998,6.0
21150999,6.0
21151000,6.0
21151001,6.0
21151002,6.0
21151003,7.0
21151004,7.0
21151005,6.0
21151006,6.0
21151007,6.0
21151008,6.0
21151009,6.0
21151010,7.0
21151011,7.0
21151012,6.0
21151013,6.0
21151014,6.0
21151015,6.0
21151016,6.0
21151017,6.0
21151018,7.0
21151019,6.0
21151020,6.0
21151021,6.0
21151022,6.0
21151023,6.0
21151024,6.0
21151025,7.0
21151026,6.0
21151027,6.0
21151028,6.0
21151029,6.0
21151030,6.0
21151031,6.0
21151032,6.0
21151033,6.0
21151034,6.0
21151035,6.0
21151036,6.0
21151037,6.0
21151038,6.0
21151039,6.0
21151040,6.0
21151041,6.0
21151042,6.0
21151043,5.0
21151044,5.0
21151045,5.0
21151046,5.0
21151047,5.0
21151048,5.0
21151049,5.0
21151050,5.0
21151051,5.0
21151052,5.0
21151053,5.0
21151054,5.0
21151055,5.0
21151056,5.0
21151057,5.0
21151058,5.0
21151059,5.0
21151060,5.0
21151061,5.0
21151062,5.0
21151063,5.0
21151064,5.0
21151065,5.0
21151066,5.0
21151067,5.0
21151068,5.0
21151069,5.0
21151070,5.0
21151071,5.0
21151072,5.0
21151073,5.0
21151074,5.0
21151075,5.0
21151076,5.0
21151077,5.0
21151078,5.0
21151079,5.0
21151080,5.0
21151081,5.0
21151082,5.0
21151083,5.0
21151084,5.0
21151085,5.0
21151086,5.0
21151087,5.0
21151088,5.0
21151089,5.0
21151090,5.0
21151091,5.0
21151092,5.0
21151093,5.0
21151094,5.0
21151095,5.0
21151096,5.0
21151097,5.0
21151098,5.0
21151099,5.0
21151100,5.0
21151101,5.0
21151102,5.0
21151103,5.0
21151104,5.0
21151105,5.0
21151106,5.0
21151107,5.0
21151108,5.0
21151109,5.0
21151110,5.0
21151111,5.0
21151112,5.0
21151113,5.0
21151114,5.0
21151115,5.0
21151116,5.0
21151117,5.0
21151118,5.0
21151119,5.0
21151120,5.0
21151121,5.0
21151122,5.0
21151123,5.0
21151124,5.0
21151125,5.0
21151126,5.0
21151127,5.0
21151128,5.0
21151129,5.0
21151130,5.0
21151131,5.0
21151132,5.0
21151133,5.0
21151134,6.0
21151135,6.0
21151136,6.0
21151137,6.0
21151138,6.0
21151139,6.0
21151140,6.0
21151141,6.0
21151142,6.0
21151143,6.0
21151144,6.0
21151145,6.0
21151146,6.0
21151147,6.0
21151148,6.0
21151149,6.0
21151150,6.0
21151151,6.0
21151152,6.0
21151153,6.0
21151154,6.0
21151155,6.0
21151156,6.0
21151157,6.0
21151158,6.0
21151159,6.0
21151160,6.0
21151161,6.0
21151162,6.0
21151163,6.0
21151164,6.0
21151165,6.0
21151166,6.0
21151167,6.0
21151168,6.0
21151169,6.0
21151170,6.0
21151171,6.0
21151172,6.0
21151173,6.0
21151174,6.0
21151175,6.0
21151176,6.0
21151177,6.0
21151178,6.0
21151179,6.0
21151180,6.0
21151181,6.0
21151182,6.0
21151183,6.0
21151184,6.0
21151185,6.0
21151186,6.0
21151187,6.0
21151188,6.0
21151189,6.0
21151190,6.0
21151191,6.0
21151192,6.0
21151193,6.0
21151194,6.0
21151195,6.0
21151196,6.0
21151197,6.0
21151198,6.0
21151199,6.0
21151200,6.0
21151201,6.0
21151202,6.0
21151203,6.0
21151204,6.0
21151205,6.0
21151206,6.0
21151207,6.0
21151208,7.0
21151209,7.0
21151210,7.0
21151211,7.0
21151212,7.0
21151213,7.0
21151214,7.0
21151215,7.0
21151216,7.0
21151217,7.0
21151218,8.0
21151219,8.0
21151220,8.0
21151221,9.0
21151222,9.0
21151223,9.0
21151224,9.0
21151225,9.0
21151226,9.0
21151227,9.0
21151228,9.0
21151229,9.0
21151230,9.0
21151231,9.0
21151232,9.0
21151233,9.0
21151234,9.0
21151235,9.0
21151236,9.0
21151237,9.0
21151238,9.0
21151239,9.0
21151240,9.0
21151241,9.0
21151242,9.0
21151243,9.0
21151244,9.0
21151245,9.0
21151246,9.0
21151247,9.0
21151248,9.0
21151249,9.0
21151250,9.0
21151251,9.0
21151252,9.0
21151253,9.0
21151254,9.0
21151255,9.0
21151256,9.0
21151257,9.0
21151258,9.0
21151259,9.0
21151260,9.0
21151261,9.0
21151262,9.0
21151263,9.0
21151264,9.0
21151265,9.0
21151266,10.0
21151267,10.0
21151268,10.0
21151269,10.0
21151270,10.0
21151271,10.0
21151272,10.0
21151273,10.0
21151274,10.0
21151275,10.0
21151276,10.0
21151277,10.0
21151278,10.0
21151279,10.0
21151280,10.0
21151281,10.0
21151282,10.0
21151283,10.0
21151284,10.0
21151285,9.0
21151286,8.0
21151287,8.0
21151288,8.0
21151289,8.0
21151290,8.0
21151291,8.0
21151292,8.0
21151293,8.0
21151294,8.0
21151295,8.0
21151296,8.0
21151297,8.0
21151298,8.0
21151299,8.0
21151300,8.0
21151301,8.0
21151302,8.0
21151303,8.0
21151304,8.0
21151305,8.0
21151306,8.0
21151307,8.0
21151308,8.0
21151309,8.0
21151310,8.0
21151311,8.0
21151312,8.0
21151313,8.0
21151314,8.0
21151315,8.0
21151316,8.0
21151317,8.0
21151318,8.0
21151319,8.0
21151320,8.0
21151321,9.0
21151322,9.0
21151323,9.0
21151324,9.0
21151325,9.0
21151326,9.0
21151327,10.0
21151328,10.0
21151329,10.0
21151330,10.0
21151331,10.0
21151332,10.0
21151333,10.0
21151334,10.0
21151335,10.0
21151336,10.0
21151337,10.0
21151338,10.0
21151339,10.0
21151340,10.0
21151341,10.0
21151342,10.0
21151343,10.0
21151344,10.0
21151345,10.0
21151346,10.0
21151347,10.0
21151348,10.0
21151349,10.0
21151350,10.0
21151351,9.0
21151352,8.0
21151353,8.0
21151354,6.0
21151355,6.0
21151356,6.0
21151357,6.0
21151358,6.0
21151359,7.0
21151360,7.0
21151361,7.0
21151362,7.0
21151363,7.0
21151364,7.0
21151365,7.0
21151366,7.0
21151367,7.0
21151368,7.0
21151369,7.0
21151370,7.0
21151371,7.0
21151372,7.0
21151373,7.0
21151374,7.0
21151375,7.0
21151376,7.0
21151377,7.0
21151378,7.0
21151379,7.0
21151380,7.0
21151381,7.0
21151382,6.0
21151383,6.0
21151384,6.0
21151385,6.0
21151386,6.0
21151387,6.0
21151388,6.0
21151389,6.0
21151390,6.0
21151391,6.0
21151392,6.0
21151393,6.0
21151394,6.0
21151395,6.0
21151396,6.0
21151397,6.0
21151398,6.0
21151399,6.0
21151400,6.0
21151401,6.0
21151402,6.0
21151403,6.0
21151404,6.0
21151405,6.0
21151406,6.0
21151407,6.0
21151408,6.0
21151409,6.0
21151410,6.0
21151411,6.0
21151412,6.0
21151413,6.0
21151414,6.0
21151415,6.0
21151416,6.0
21151417,5.0
21151418,5.0
21151419,5.0
21151420,5.0
21151421,5.0
21151422,5.0
21151423,5.0
21151424,5.0
21151425,5.0
21151426,5.0
21151427,5.0
21151428,6.0
21151429,6.0
21151430,5.0
21151431,5.0
21151432,5.0
21151433,5.0
21151434,5.0
21151435,5.0
21151436,5.0
21151437,5.0
21151438,5.0
21151439,5.0
21151440,5.0
21151441,5.0
21151442,5.0
21151443,5.0
21151444,5.0
21151445,5.0
21151446,5.0
21151447,5.0
21151448,5.0
21151449,5.0
21151450,5.0
21151451,4.0
21151452,4.0
21151453,3.0
21151454,3.0
21151455,3.0
21151456,3.0
21151457,4.0
21151458,4.0
21151459,4.0
21151460,4.0
21151461,4.0
21151462,4.0
21151463,4.0
21151464,4.0
21151465,4.0
21151466,4.0
21151467,3.0
21151468,3.0
21151469,3.0
21151470,3.0
21151471,3.0
21151472,3.0
21151473,3.0
21151474,3.0
21151475,3.0
21151476,3.0
21151477,3.0
21151478,3.0
21151479,3.0
21151480,3.0
21151481,3.0
21151482,3.0
21151483,3.0
21151484,3.0
21151485,3.0
21151486,3.0
21151487,3.0
21151488,3.0
21151489,3.0
21151490,3.0
21151491,3.0
21151492,3.0
21151493,3.0
21151494,3.0
21151495,3.0
21151496,3.0
21151497,4.0
21151498,3.0
21151499,3.0
21151500,3.0
21151501,3.0
21151502,3.0
21151503,3.0
21151504,3.0
21151505,3.0
21151506,3.0
21151507,3.0
21151508,3.0
21151509,3.0
21151510,3.0
21151511,3.0
21151512,4.0
21151513,4.0
21151514,3.0
21151515,3.0
21151516,3.0
21151517,3.0
21151518,3.0
21151519,3.0
21151520,3.0
21151521,4.0
21151522,3.0
21151523,3.0
21151524,3.0
21151525,3.0
21151526,3.0
21151527,3.0
21151528,3.0
21151529,3.0
21151530,3.0
21151531,3.0
21151532,3.0
21151533,3.0
21151534,3.0
21151535,3.0
21151536,3.0
21151537,3.0
21151538,3.0
21151539,3.0
21151540,3.0
21151541,3.0
21151542,3.0
21151543,3.0
21151544,3.0
21151545,3.0
21151546,3.0
21151547,3.0
21151548,3.0
21151549,3.0
21151550,3.0
21151551,3.0
21151552,3.0
21151553,2.0
21151554,2.0
21151555,2.0
21151556,2.0
21151557,2.0
21151558,2.0
21151559,2.0
21151560,2.0
21151561,2.0
21151562,2.0
21151563,2.0
21151564,2.0
21151565,2.0
21151566,2.0
21151567,3.0
21151568,3.0
21151569,3.0
21151570,3.0
21151571,2.0
21151572,2.0
21151573,2.0
21151574,2.0
21151575,2.0
21151576,2.0
21151577,2.0
21151578,2.0
21151579,2.0
21151580,2.0
21151581,3.0
21151582,3.0
21151583,3.0
21151584,2.0
21151585,3.0
21151586,3.0
21151587,3.0
21151588,3.0
21151589,3.0
21151590,3.0
21151591,3.0
21151592,3.0
21151593,3.0
21151594,3.0
21151595,3.0
21151596,3.0
21151597,3.0
21151598,3.0
21151599,3.0
21151600,3.0
21151601,3.0
21151602,3.0
21151603,3.0
21151604,3.0
21151605,3.0
21151606,4.0
21151607,4.0
21151608,4.0
21151609,4.0
21151610,4.0
21151611,4.0
21151612,4.0
21151613,4.0
21151614,4.0
21151615,4.0
21151616,4.0
21151617,4.0
21151618,4.0
21151619,4.0
21151620,4.0
21151621,3.0
21151622,3.0
21151623,3.0
21151624,3.0
21151625,4.0
21151626,4.0
21151627,4.0
21151628,4.0
21151629,4.0
21151630,4.0
21151631,4.0
21151632,4.0
21151633,4.0
21151634,4.0
21151635,4.0
21151636,4.0
21151637,4.0
21151638,4.0
21151639,4.0
21151640,4.0
21151641,4.0
21151642,4.0
21151643,4.0
21151644,4.0
21151645,4.0
21151646,4.0
21151647,4.0
21151648,4.0
21151649,4.0
21151650,4.0
21151651,4.0
21151652,4.0
21151653,4.0
21151654,4.0
21151655,4.0
21151656,4.0
21151657,4.0
21151658,4.0
21151659,4.0
21151660,4.0
21151661,4.0
21151662,4.0
21151663,4.0
21151664,4.0
21151665,4.0
21151666,4.0
21151667,4.0
21151668,4.0
21151669,5.0
21151670,4.0
21151671,4.0
21151672,4.0
21151673,4.0
21151674,5.0
21151675,4.0
21151676,4.0
21151677,4.0
21151678,4.0
21151679,4.0
21151680,4.0
21151681,5.0
21151682,5.0
21151683,4.0
21151684,4.0
21151685,4.0
21151686,4.0
21151687,4.0
21151688,5.0
21151689,5.0
21151690,5.0
21151691,5.0
21151692,4.0
21151693,4.0
21151694,4.0
21151695,4.0
21151696,4.0
21151697,4.0
21151698,5.0
21151699,5.0
21151700,4.0
21151701,4.0
21151702,4.0
21151703,4.0
21151704,4.0
21151705,4.0
21151706,4.0
21151707,4.0
21151708,4.0
21151709,5.0
21151710,5.0
21151711,4.0
21151712,4.0
21151713,4.0
21151714,4.0
21151715,5.0
21151716,5.0
21151717,5.0
21151718,5.0
21151719,5.0
21151720,5.0
21151721,5.0
21151722,5.0
21151723,5.0
21151724,5.0
21151725,5.0
21151726,5.0
21151727,5.0
21151728,5.0
21151729,5.0
21151730,5.0
21151731,6.0
21151732,6.0
21151733,6.0
21151734,6.0
21151735,6.0
21151736,6.0
21151737,6.0
21151738,6.0
21151739,6.0
21151740,6.0
21151741,6.0
21151742,8.0
21151743,9.0
21151744,10.0
21151745,10.0
21151746,11.0
21151747,13.0
21151748,14.0
21151749,15.0
21151750,16.0
21151751,17.0
21151752,18.0
21151753,19.0
21151754,20.0
21151755,21.0
21151756,23.0
21151757,25.0
21151758,27.0
21151759,29.0
21151760,30.0
21151761,30.0
21151762,29.0
21151763,27.0
21151764,26.0
21151765,28.0
21151766,29.0
21151767,30.0
21151768,30.0
21151769,31.0
21151770,30.0
21151771,28.0
21151772,29.0
21151773,30.0
21151774,30.0
21151775,30.0
21151776,30.0
21151777,30.0
21151778,31.0
21151779,31.0
21151780,32.0
21151781,34.0
21151782,36.0
21151783,38.0
21151784,40.0
21151785,42.0
21151786,43.0
21151787,43.0
21151788,41.0
21151789,39.0
21151790,39.0
21151791,38.0
21151792,38.0
21151793,38.0
21151794,39.0
21151795,41.0
21151796,44.0
21151797,45.0
21151798,47.0
21151799,49.0
21151800,48.0
21151801,45.0
21151802,44.0
21151803,43.0
21151804,42.0
21151805,41.0
21151806,41.0
21151807,43.0
21151808,45.0
21151809,48.0
21151810,48.0
21151811,50.0
21151812,48.0
21151813,46.0
21151814,46.0
21151815,43.0
21151816,41.0
21151817,41.0
21151818,41.0
21151819,39.0
21151820,39.0
21151821,41.0
21151822,44.0
21151823,41.0
21151824,41.0
21151825,40.0
21151826,40.0
21151827,40.0
21151828,40.0
21151829,40.0
21151830,40.0
21151831,40.0
21151832,40.0
21151833,39.0
21151834,38.0
21151835,36.0
21151836,34.0
21151837,32.0
21151838,31.0
21151839,30.0
21151840,29.0
21151841,28.0
21151842,27.0
21151843,26.0
21151844,25.0
21151845,24.0
21151846,23.0
21151847,23.0
21151848,23.0
21151849,22.0
21151850,21.0
21151851,20.0
21151852,19.0
21151853,18.0
21151854,17.0
21151855,16.0
21151856,16.0
21151857,16.0
21151858,16.0
21151859,16.0
21151860,16.0
21151861,17.0
21151862,18.0
21151863,19.0
21151864,20.0
21151865,21.0
21151866,23.0
21151867,25.0
21151868,26.0
21151869,25.0
21151870,24.0
21151871,24.0
21151872,23.0
21151873,23.0
21151874,22.0
21151875,21.0
21151876,20.0
21151877,19.0
21151878,18.0
21151879,18.0
21151880,17.0
21151881,17.0
21151882,16.0
21151883,16.0
21151884,16.0
21151885,16.0
21151886,16.0
21151887,16.0
21151888,16.0
21151889,16.0
21151890,16.0
21151891,16.0
21151892,16.0
21151893,16.0
21151894,16.0
21151895,16.0
21151896,16.0
21151897,16.0
21151898,16.0
21151899,16.0
21151900,16.0
21151901,16.0
21151902,16.0
21151903,16.0
21151904,16.0
21151905,17.0
21151906,16.0
21151907,16.0
21151908,16.0
21151909,16.0
21151910,16.0
21151911,16.0
21151912,15.0
21151913,15.0
21151914,15.0
21151915,15.0
21151916,15.0
21151917,16.0
21151918,16.0
21151919,17.0
21151920,17.0
21151921,17.0
21151922,17.0
21151923,17.0
21151924,16.0
21151925,17.0
21151926,17.0
21151927,17.0
21151928,17.0
21151929,17.0
21151930,17.0
21151931,17.0
21151932,16.0
21151933,16.0
21151934,16.0
21151935,16.0
21151936,16.0
21151937,16.0
21151938,16.0
21151939,16.0
21151940,16.0
21151941,16.0
21151942,16.0
21151943,16.0
21151944,16.0
21151945,16.0
21151946,16.0
21151947,16.0
21151948,16.0
21151949,15.0
21151950,16.0
21151951,15.0
21151952,16.0
21151953,16.0
21151954,17.0
21151955,17.0
21151956,17.0
21151957,17.0
21151958,17.0
21151959,17.0
21151960,17.0
21151961,17.0
21151962,18.0
21151963,18.0
21151964,18.0
21151965,18.0
21151966,18.0
21151967,18.0
21151968,19.0
21151969,20.0
21151970,21.0
21151971,22.0
21151972,24.0
21151973,25.0
21151974,26.0
21151975,27.0
21151976,27.0
21151977,29.0
21151978,27.0
21151979,25.0
21151980,23.0
21151981,22.0
21151982,21.0
21151983,20.0
21151984,19.0
21151985,19.0
21151986,19.0
21151987,20.0
21151988,21.0
21151989,23.0
21151990,24.0
21151991,23.0
21151992,24.0
21151993,26.0
21151994,27.0
21151995,27.0
21151996,27.0
21151997,27.0
21151998,27.0
21151999,27.0
21152000,27.0
21152001,27.0
21152002,27.0
21152003,27.0
21152004,27.0
21152005,27.0
21152006,27.0
21152007,27.0
21152008,27.0
21152009,27.0
21152010,27.0
21152011,27.0
21152012,27.0
21152013,27.0
21152014,26.0
21152015,25.0
21152016,24.0
21152017,23.0
21152018,21.0
21152019,20.0
21152020,20.0
21152021,19.0
21152022,18.0
21152023,18.0
21152024,18.0
21152025,18.0
21152026,18.0
21152027,18.0
21152028,18.0
21152029,18.0
21152030,18.0
21152031,18.0
21152032,18.0
21152033,19.0
21152034,19.0
21152035,20.0
21152036,20.0
21152037,20.0
21152038,20.0
21152039,20.0
21152040,20.0
21152041,20.0
21152042,20.0
21152043,20.0
21152044,20.0
21152045,20.0
21152046,20.0
21152047,19.0
21152048,19.0
21152049,19.0
21152050,19.0
21152051,18.0
21152052,18.0
21152053,17.0
21152054,17.0
21152055,17.0
21152056,17.0
21152057,17.0
21152058,17.0
21152059,18.0
21152060,18.0
21152061,18.0
21152062,18.0
21152063,18.0
21152064,18.0
21152065,18.0
21152066,18.0
21152067,18.0
21152068,18.0
21152069,18.0
21152070,18.0
21152071,18.0
21152072,17.0
21152073,17.0
21152074,17.0
21152075,16.0
21152076,16.0
21152077,15.0
21152078,14.0
21152079,14.0
21152080,14.0
21152081,14.0
21152082,14.0
21152083,15.0
21152084,15.0
21152085,15.0
21152086,15.0
21152087,16.0
21152088,16.0
21152089,16.0
21152090,16.0
21152091,16.0
21152092,16.0
21152093,15.0
21152094,15.0
21152095,14.0
21152096,14.0
21152097,13.0
21152098,14.0
21152099,15.0
21152100,16.0
21152101,17.0
21152102,18.0
21152103,17.0
21152104,16.0
21152105,15.0
21152106,14.0
21152107,13.0
21152108,12.0
21152109,11.0
21152110,10.0
21152111,10.0
21152112,9.0
21152113,9.0
21152114,8.0
21152115,8.0
21152116,8.0
21152117,7.0
21152118,7.0
21152119,6.0
21152120,6.0
21152121,6.0
21152122,5.0
21152123,5.0
21152124,5.0
21152125,5.0
21152126,5.0
21152127,5.0
21152128,5.0
21152129,5.0
21152130,6.0
21152131,6.0
21152132,6.0
21152133,7.0
21152134,7.0
21152135,7.0
21152136,7.0
21152137,7.0
21152138,7.0
21152139,7.0
21152140,7.0
21152141,7.0
21152142,7.0
21152143,7.0
21152144,7.0
21152145,7.0
21152146,7.0
21152147,7.0
21152148,7.0
21152149,7.0
21152150,7.0
21152151,7.0
21152152,7.0
21152153,7.0
21152154,7.0
21152155,7.0
21152156,7.0
21152157,7.0
21152158,7.0
21152159,7.0
21152160,7.0
21152161,7.0
21152162,7.0
21152163,7.0
21152164,7.0
21152165,8.0
21152166,8.0
21152167,8.0
21152168,9.0
21152169,9.0
21152170,8.0
21152171,8.0
21152172,8.0
21152173,8.0
21152174,8.0
21152175,8.0
21152176,8.0
21152177,8.0
21152178,8.0
21152179,8.0
21152180,8.0
21152181,8.0
21152182,8.0
21152183,8.0
21152184,8.0
21152185,8.0
21152186,7.0
21152187,7.0
21152188,7.0
21152189,7.0
21152190,7.0
21152191,7.0
21152192,7.0
21152193,7.0
21152194,7.0
21152195,7.0
21152196,7.0
21152197,7.0
21152198,8.0
21152199,8.0
21152200,8.0
21152201,8.0
21152202,8.0
21152203,8.0
21152204,8.0
21152205,8.0
21152206,8.0
21152207,8.0
21152208,9.0
21152209,9.0
21152210,9.0
21152211,9.0
21152212,9.0
21152213,9.0
21152214,9.0
21152215,9.0
21152216,9.0
21152217,9.0
21152218,9.0
21152219,9.0
21152220,9.0
21152221,9.0
21152222,9.0
21152223,9.0
21152224,9.0
21152225,8.0
21152226,8.0
21152227,8.0
21152228,8.0
21152229,8.0
21152230,8.0
21152231,8.0
21152232,8.0
21152233,8.0
21152234,8.0
21152235,8.0
21152236,8.0
21152237,8.0
21152238,8.0
21152239,8.0
21152240,8.0
21152241,8.0
21152242,8.0
21152243,8.0
21152244,8.0
21152245,9.0
21152246,9.0
21152247,8.0
21152248,8.0
21152249,8.0
21152250,8.0
21152251,8.0
21152252,8.0
21152253,8.0
21152254,9.0
21152255,9.0
21152256,9.0
21152257,9.0
21152258,9.0
21152259,9.0
21152260,9.0
21152261,9.0
21152262,9.0
21152263,9.0
21152264,9.0
21152265,9.0
21152266,9.0
21152267,10.0
21152268,10.0
21152269,10.0
21152270,10.0
21152271,10.0
21152272,10.0
21152273,10.0
21152274,10.0
21152275,10.0
21152276,10.0
21152277,10.0
21152278,10.0
21152279,10.0
21152280,10.0
21152281,10.0
21152282,10.0
21152283,10.0
21152284,11.0
21152285,12.0
21152286,13.0
21152287,14.0
21152288,15.0
21152289,15.0
21152290,15.0
21152291,15.0
21152292,14.0
21152293,14.0
21152294,14.0
21152295,13.0
21152296,12.0
21152297,11.0
21152298,11.0
21152299,11.0
21152300,12.0
21152301,12.0
21152302,12.0
21152303,12.0
21152304,12.0
21152305,12.0
21152306,12.0
21152307,12.0
21152308,12.0
21152309,12.0
21152310,12.0
21152311,12.0
21152312,12.0
21152313,12.0
21152314,12.0
21152315,12.0
21152316,12.0
21152317,12.0
21152318,11.0
21152319,11.0
21152320,11.0
21152321,10.0
21152322,10.0
21152323,10.0
21152324,10.0
21152325,10.0
21152326,10.0
21152327,10.0
21152328,11.0
21152329,11.0
21152330,11.0
21152331,12.0
21152332,12.0
21152333,12.0
21152334,12.0
21152335,12.0
21152336,13.0
21152337,13.0
21152338,13.0
21152339,14.0
21152340,14.0
21152341,14.0
21152342,14.0
21152343,14.0
21152344,14.0
21152345,14.0
21152346,14.0
21152347,14.0
21152348,14.0
21152349,14.0
21152350,14.0
21152351,14.0
21152352,14.0
21152353,15.0
21152354,15.0
21152355,16.0
21152356,16.0
21152357,16.0
21152358,17.0
21152359,17.0
21152360,17.0
21152361,18.0
21152362,18.0
21152363,18.0
21152364,18.0
21152365,19.0
21152366,19.0
21152367,19.0
21152368,19.0
21152369,19.0
21152370,19.0
21152371,19.0
21152372,19.0
21152373,19.0
21152374,19.0
21152375,19.0
21152376,19.0
21152377,19.0
21152378,19.0
21152379,19.0
21152380,19.0
21152381,19.0
21152382,19.0
21152383,19.0
21152384,19.0
21152385,19.0
21152386,19.0
21152387,18.0
21152388,18.0
21152389,18.0
21152390,18.0
21152391,18.0
21152392,18.0
21152393,18.0
21152394,17.0
21152395,17.0
21152396,16.0
21152397,15.0
21152398,14.0
21152399,14.0
21152400,13.0
21152401,13.0
21152402,13.0
21152403,13.0
21152404,13.0
21152405,12.0
21152406,11.0
21152407,10.0
21152408,9.0
21152409,9.0
21152410,10.0
21152411,11.0
21152412,11.0
21152413,11.0
21152414,12.0
21152415,13.0
21152416,14.0
21152417,14.0
21152418,14.0
21152419,14.0
21152420,14.0
21152421,14.0
21152422,14.0
21152423,14.0
21152424,14.0
21152425,14.0
21152426,14.0
21152427,14.0
21152428,14.0
21152429,15.0
21152430,15.0
21152431,15.0
21152432,15.0
21152433,15.0
21152434,15.0
21152435,15.0
21152436,15.0
21152437,15.0
21152438,15.0
21152439,15.0
21152440,15.0
21152441,15.0
21152442,15.0
21152443,16.0
21152444,16.0
21152445,16.0
21152446,16.0
21152447,16.0
21152448,16.0
21152449,16.0
21152450,16.0
21152451,16.0
21152452,16.0
21152453,16.0
21152454,16.0
21152455,16.0
21152456,17.0
21152457,17.0
21152458,18.0
21152459,18.0
21152460,18.0
21152461,18.0
21152462,18.0
21152463,18.0
21152464,18.0
21152465,19.0
21152466,19.0
21152467,19.0
21152468,20.0
21152469,20.0
21152470,20.0
21152471,20.0
21152472,21.0
21152473,21.0
21152474,21.0
21152475,21.0
21152476,21.0
21152477,21.0
21152478,21.0
21152479,21.0
21152480,21.0
21152481,21.0
21152482,21.0
21152483,21.0
21152484,22.0
21152485,22.0
21152486,22.0
21152487,21.0
21152488,21.0
21152489,21.0
21152490,21.0
21152491,21.0
21152492,21.0
21152493,21.0
21152494,21.0
21152495,21.0
21152496,21.0
21152497,21.0
21152498,21.0
21152499,21.0
21152500,21.0
21152501,21.0
21152502,21.0
21152503,21.0
21152504,21.0
21152505,22.0
21152506,22.0
21152507,23.0
21152508,23.0
21152509,24.0
21152510,24.0
21152511,25.0
21152512,26.0
21152513,27.0
21152514,28.0
21152515,28.0
21152516,28.0
21152517,28.0
21152518,28.0
21152519,28.0
21152520,28.0
21152521,28.0
21152522,28.0
21152523,28.0
21152524,29.0
21152525,30.0
21152526,30.0
21152527,31.0
21152528,32.0
21152529,32.0
21152530,33.0
21152531,34.0
21152532,35.0
21152533,36.0
21152534,34.0
21152535,33.0
21152536,33.0
21152537,34.0
21152538,35.0
21152539,36.0
21152540,37.0
21152541,39.0
21152542,40.0
21152543,41.0
21152544,42.0
21152545,43.0
21152546,43.0
21152547,42.0
21152548,41.0
21152549,40.0
21152550,40.0
21152551,40.0
21152552,40.0
21152553,41.0
21152554,42.0
21152555,43.0
21152556,44.0
21152557,44.0
21152558,44.0
21152559,43.0
21152560,42.0
21152561,41.0
21152562,40.0
21152563,40.0
21152564,41.0
21152565,42.0
21152566,43.0
21152567,44.0
21152568,45.0
21152569,46.0
21152570,47.0
21152571,48.0
21152572,50.0
21152573,51.0
21152574,50.0
21152575,49.0
21152576,48.0
21152577,47.0
21152578,47.0
21152579,46.0
21152580,45.0
21152581,43.0
21152582,41.0
21152583,39.0
21152584,38.0
21152585,37.0
21152586,38.0
21152587,39.0
21152588,40.0
21152589,41.0
21152590,43.0
21152591,44.0
21152592,45.0
21152593,45.0
21152594,44.0
21152595,43.0
21152596,43.0
21152597,44.0
21152598,44.0
21152599,45.0
21152600,46.0
21152601,47.0
21152602,49.0
21152603,49.0
21152604,48.0
21152605,47.0
21152606,46.0
21152607,45.0
21152608,44.0
21152609,43.0
21152610,42.0
21152611,40.0
21152612,38.0
21152613,37.0
21152614,35.0
21152615,34.0
21152616,34.0
21152617,33.0
21152618,33.0
21152619,34.0
21152620,33.0
21152621,32.0
21152622,31.0
21152623,31.0
21152624,33.0
21152625,35.0
21152626,36.0
21152627,37.0
21152628,38.0
21152629,38.0
21152630,37.0
21152631,36.0
21152632,35.0
21152633,35.0
21152634,34.0
21152635,33.0
21152636,32.0
21152637,30.0
21152638,29.0
21152639,28.0
21152640,27.0
21152641,28.0
21152642,30.0
21152643,31.0
21152644,32.0
21152645,33.0
21152646,34.0
21152647,35.0
21152648,36.0
21152649,37.0
21152650,37.0
21152651,37.0
21152652,36.0
21152653,35.0
21152654,34.0
21152655,33.0
21152656,33.0
21152657,33.0
21152658,33.0
21152659,33.0
21152660,32.0
21152661,31.0
21152662,31.0
21152663,31.0
21152664,31.0
21152665,31.0
21152666,31.0
21152667,31.0
21152668,32.0
21152669,32.0
21152670,32.0
21152671,33.0
21152672,33.0
21152673,34.0
21152674,35.0
21152675,35.0
21152676,35.0
21152677,35.0
21152678,34.0
21152679,33.0
21152680,33.0
21152681,34.0
21152682,35.0
21152683,35.0
21152684,35.0
21152685,35.0
21152686,35.0
21152687,35.0
21152688,36.0
21152689,36.0
21152690,36.0
21152691,36.0
21152692,35.0
21152693,34.0
21152694,34.0
21152695,34.0
21152696,35.0
21152697,34.0
21152698,34.0
21152699,33.0
21152700,34.0
21152701,35.0
21152702,37.0
21152703,39.0
21152704,41.0
21152705,44.0
21152706,47.0
21152707,50.0
21152708,53.0
21152709,55.0
21152710,56.0
21152711,55.0
21152712,52.0
21152713,49.0
21152714,46.0
21152715,43.0
21152716,40.0
21152717,38.0
21152718,36.0
21152719,34.0
21152720,32.0
21152721,32.0
21152722,33.0
21152723,34.0
21152724,35.0
21152725,36.0
21152726,37.0
21152727,38.0
21152728,39.0
21152729,40.0
21152730,41.0
21152731,42.0
21152732,42.0
21152733,40.0
21152734,38.0
21152735,36.0
21152736,34.0
21152737,32.0
21152738,32.0
21152739,31.0
21152740,31.0
21152741,30.0
21152742,28.0
21152743,26.0
21152744,24.0
21152745,22.0
21152746,22.0
21152747,23.0
21152748,24.0
21152749,25.0
21152750,27.0
21152751,28.0
21152752,28.0
21152753,27.0
21152754,27.0
21152755,27.0
21152756,27.0
21152757,28.0
21152758,27.0
21152759,27.0
21152760,28.0
21152761,28.0
21152762,28.0
21152763,30.0
21152764,32.0
21152765,34.0
21152766,35.0
21152767,36.0
21152768,37.0
21152769,36.0
21152770,34.0
21152771,33.0
21152772,34.0
21152773,35.0
21152774,36.0
21152775,37.0
21152776,37.0
21152777,38.0
21152778,39.0
21152779,40.0
21152780,41.0
21152781,43.0
21152782,44.0
21152783,46.0
21152784,47.0
21152785,48.0
21152786,48.0
21152787,47.0
21152788,45.0
21152789,44.0
21152790,45.0
21152791,46.0
21152792,47.0
21152793,46.0
21152794,46.0
21152795,47.0
21152796,47.0
21152797,48.0
21152798,49.0
21152799,50.0
21152800,51.0
21152801,51.0
21152802,51.0
21152803,50.0
21152804,49.0
21152805,47.0
21152806,46.0
21152807,47.0
21152808,45.0
21152809,42.0
21152810,40.0
21152811,40.0
21152812,41.0
21152813,43.0
21152814,46.0
21152815,48.0
21152816,50.0
21152817,52.0
21152818,54.0
21152819,56.0
21152820,57.0
21152821,57.0
21152822,57.0
21152823,57.0
21152824,58.0
21152825,58.0
21152826,58.0
21152827,59.0
21152828,59.0
21152829,59.0
21152830,61.0
21152831,59.0
21152832,60.0
21152833,61.0
21152834,60.0
21152835,59.0
21152836,58.0
21152837,57.0
21152838,57.0
21152839,56.0
21152840,55.0
21152841,55.0
21152842,56.0
21152843,56.0
21152844,56.0
21152845,57.0
21152846,57.0
21152847,57.0
21152848,57.0
21152849,57.0
21152850,57.0
21152851,57.0
21152852,57.0
21152853,57.0
21152854,57.0
21152855,58.0
21152856,58.0
21152857,59.0
21152858,59.0
21152859,60.0
21152860,60.0
21152861,61.0
21152862,61.0
21152863,61.0
21152864,61.0
21152865,60.0
21152866,60.0
21152867,60.0
21152868,60.0
21152869,60.0
21152870,60.0
21152871,61.0
21152872,61.0
21152873,62.0
21152874,62.0
21152875,63.0
21152876,64.0
21152877,64.0
21152878,64.0
21152879,64.0
21152880,64.0
21152881,64.0
21152882,63.0
21152883,63.0
21152884,62.0
21152885,62.0
21152886,61.0
21152887,61.0
21152888,61.0
21152889,61.0
21152890,61.0
21152891,61.0
21152892,61.0
21152893,61.0
21152894,61.0
21152895,61.0
21152896,61.0
21152897,61.0
21152898,61.0
21152899,61.0
21152900,61.0
21152901,61.0
21152902,60.0
21152903,60.0
21152904,60.0
21152905,59.0
21152906,59.0
21152907,58.0
21152908,57.0
21152909,56.0
21152910,55.0
21152911,54.0
21152912,53.0
21152913,52.0
21152914,51.0
21152915,49.0
21152916,47.0
21152917,46.0
21152918,46.0
21152919,47.0
21152920,49.0
21152921,51.0
21152922,53.0
21152923,54.0
21152924,55.0
21152925,55.0
21152926,57.0
21152927,60.0
21152928,62.0
21152929,63.0
21152930,62.0
21152931,61.0
21152932,60.0
21152933,58.0
21152934,56.0
21152935,54.0
21152936,53.0
21152937,51.0
21152938,49.0
21152939,48.0
21152940,48.0
21152941,48.0
21152942,47.0
21152943,46.0
21152944,46.0
21152945,45.0
21152946,45.0
21152947,45.0
21152948,45.0
21152949,44.0
21152950,44.0
21152951,44.0
21152952,43.0
21152953,43.0
21152954,42.0
21152955,41.0
21152956,40.0
21152957,40.0
21152958,39.0
21152959,38.0
21152960,37.0
21152961,36.0
21152962,36.0
21152963,36.0
21152964,37.0
21152965,36.0
21152966,36.0
21152967,37.0
21152968,37.0
21152969,37.0
21152970,38.0
21152971,39.0
21152972,39.0
21152973,39.0
21152974,39.0
21152975,40.0
21152976,42.0
21152977,44.0
21152978,46.0
21152979,48.0
21152980,49.0
21152981,49.0
21152982,49.0
21152983,49.0
21152984,49.0
21152985,48.0
21152986,48.0
21152987,48.0
21152988,48.0
21152989,47.0
21152990,48.0
21152991,46.0
21152992,44.0
21152993,41.0
21152994,38.0
21152995,36.0
21152996,37.0
21152997,38.0
21152998,38.0
21152999,38.0
21153000,37.0
21153001,37.0
21153002,38.0
21153003,40.0
21153004,41.0
21153005,42.0
21153006,43.0
21153007,44.0
21153008,44.0
21153009,45.0
21153010,46.0
21153011,47.0
21153012,48.0
21153013,48.0
21153014,48.0
21153015,48.0
21153016,47.0
21153017,46.0
21153018,45.0
21153019,43.0
21153020,41.0
21153021,38.0
21153022,38.0
21153023,38.0
21153024,38.0
21153025,39.0
21153026,40.0
21153027,41.0
21153028,42.0
21153029,42.0
21153030,42.0
21153031,41.0
21153032,41.0
21153033,41.0
21153034,41.0
21153035,40.0
21153036,40.0
21153037,40.0
21153038,40.0
21153039,40.0
21153040,40.0
21153041,40.0
21153042,40.0
21153043,39.0
21153044,39.0
21153045,38.0
21153046,37.0
21153047,36.0
21153048,35.0
21153049,34.0
21153050,36.0
21153051,35.0
21153052,37.0
21153053,39.0
21153054,40.0
21153055,41.0
21153056,43.0
21153057,44.0
21153058,44.0
21153059,45.0
21153060,46.0
21153061,45.0
21153062,45.0
21153063,44.0
21153064,45.0
21153065,46.0
21153066,46.0
21153067,45.0
21153068,46.0
21153069,47.0
21153070,47.0
21153071,47.0
21153072,47.0
21153073,48.0
21153074,50.0
21153075,50.0
21153076,51.0
21153077,51.0
21153078,52.0
21153079,52.0
21153080,52.0
21153081,52.0
21153082,52.0
21153083,51.0
21153084,50.0
21153085,51.0
21153086,53.0
21153087,54.0
21153088,55.0
21153089,57.0
21153090,59.0
21153091,61.0
21153092,62.0
21153093,64.0
21153094,65.0
21153095,64.0
21153096,62.0
21153097,61.0
21153098,60.0
21153099,59.0
21153100,59.0
21153101,59.0
21153102,60.0
21153103,62.0
21153104,62.0
21153105,60.0
21153106,59.0
21153107,60.0
21153108,62.0
21153109,65.0
21153110,69.0
21153111,70.0
21153112,73.0
21153113,75.0
21153114,78.0
21153115,80.0
21153116,84.0
21153117,87.0
21153118,86.0
21153119,83.0
21153120,81.0
21153121,81.0
21153122,78.0
21153123,76.0
21153124,77.0
21153125,76.0
21153126,75.0
21153127,72.0
21153128,68.0
21153129,64.0
21153130,61.0
21153131,59.0
21153132,57.0
21153133,54.0
21153134,54.0
21153135,54.0
21153136,56.0
21153137,57.0
21153138,59.0
21153139,60.0
21153140,61.0
21153141,64.0
21153142,67.0
21153143,71.0
21153144,75.0
21153145,78.0
21153146,79.0
21153147,76.0
21153148,72.0
21153149,68.0
21153150,64.0
21153151,61.0
21153152,58.0
21153153,55.0
21153154,55.0
21153155,50.0
21153156,50.0
21153157,51.0
21153158,54.0
21153159,56.0
21153160,57.0
21153161,59.0
21153162,60.0
21153163,61.0
21153164,63.0
21153165,63.0
21153166,65.0
21153167,67.0
21153168,69.0
21153169,68.0
21153170,68.0
21153171,69.0
21153172,70.0
21153173,73.0
21153174,76.0
21153175,76.0
21153176,83.0
21153177,87.0
21153178,90.0
21153179,93.0
21153180,96.0
21153181,97.0
21153182,97.0
21153183,95.0
21153184,94.0
21153185,97.0
21153186,99.0
21153187,98.0
21153188,98.0
21153189,97.0
21153190,97.0
21153191,97.0
21153192,97.0
21153193,97.0
21153194,99.0
21153195,97.0
21153196,96.0
21153197,94.0
21153198,90.0
21153199,85.0
21153200,80.0
21153201,77.0
21153202,75.0
21153203,77.0
21153204,80.0
21153205,83.0
21153206,87.0
21153207,88.0
21153208,90.0
21153209,91.0
21153210,91.0
21153211,89.0
21153212,89.0
21153213,89.0
21153214,88.0
21153215,88.0
21153216,89.0
21153217,93.0
21153218,97.0
21153219,95.0
21153220,93.0
21153221,91.0
21153222,87.0
21153223,83.0
21153224,81.0
21153225,79.0
21153226,80.0
21153227,79.0
21153228,78.0
21153229,75.0
21153230,73.0
21153231,74.0
21153232,73.0
21153233,71.0
21153234,70.0
21153235,71.0
21153236,71.0
21153237,72.0
21153238,71.0
21153239,69.0
21153240,68.0
21153241,69.0
21153242,69.0
21153243,68.0
21153244,66.0
21153245,67.0
21153246,70.0
21153247,70.0
21153248,70.0
21153249,71.0
21153250,72.0
21153251,72.0
21153252,73.0
21153253,74.0
21153254,74.0
21153255,73.0
21153256,73.0
21153257,72.0
21153258,72.0
21153259,72.0
21153260,72.0
21153261,72.0
21153262,75.0
21153263,79.0
21153264,83.0
21153265,88.0
21153266,88.0
21153267,98.0
21153268,103.0
21153269,109.0
21153270,115.0
21153271,121.0
21153272,128.0
21153273,135.0
21153274,142.0
21153275,150.0
21153276,158.0
21153277,166.0
21153278,175.0
21153279,179.0
21153280,179.0
21153281,171.0
21153282,163.0
21153283,155.0
21153284,149.0
21153285,145.0
21153286,146.0
21153287,146.0
21153288,145.0
21153289,141.0
21153290,143.0
21153291,142.0
21153292,143.0
21153293,142.0
21153294,138.0
21153295,139.0
21153296,141.0
21153297,149.0
21153298,156.0
21153299,162.0
21153300,169.0
21153301,171.0
21153302,173.0
21153303,166.0
21153304,160.0
21153305,153.0
21153306,146.0
21153307,138.0
21153308,131.0
21153309,124.0
21153310,117.0
21153311,111.0
21153312,105.0
21153313,100.0
21153314,95.0
21153315,91.0
21153316,86.0
21153317,81.0
21153318,76.0
21153319,75.0
21153320,76.0
21153321,80.0
21153322,82.0
21153323,82.0
21153324,80.0
21153325,81.0
21153326,80.0
21153327,79.0
21153328,76.0
21153329,73.0
21153330,72.0
21153331,76.0
21153332,75.0
21153333,73.0
21153334,74.0
21153335,75.0
21153336,75.0
21153337,78.0
21153338,80.0
21153339,79.0
21153340,78.0
21153341,77.0
21153342,74.0
21153343,72.0
21153344,70.0
21153345,66.0
21153346,65.0
21153347,66.0
21153348,67.0
21153349,67.0
21153350,67.0
21153351,74.0
21153352,74.0
21153353,74.0
21153354,75.0
21153355,78.0
21153356,81.0
21153357,84.0
21153358,84.0
21153359,85.0
21153360,87.0
21153361,90.0
21153362,88.0
21153363,86.0
21153364,82.0
21153365,78.0
21153366,74.0
21153367,70.0
21153368,66.0
21153369,64.0
21153370,63.0
21153371,63.0
21153372,62.0
21153373,62.0
21153374,63.0
21153375,63.0
21153376,66.0
21153377,68.0
21153378,68.0
21153379,72.0
21153380,72.0
21153381,72.0
21153382,71.0
21153383,69.0
21153384,68.0
21153385,67.0
21153386,66.0
21153387,65.0
21153388,65.0
21153389,66.0
21153390,69.0
21153391,72.0
21153392,75.0
21153393,78.0
21153394,77.0
21153395,76.0
21153396,75.0
21153397,74.0
21153398,71.0
21153399,71.0
21153400,70.0
21153401,71.0
21153402,71.0
21153403,70.0
21153404,68.0
21153405,65.0
21153406,68.0
21153407,68.0
21153408,71.0
21153409,74.0
21153410,75.0
21153411,78.0
21153412,77.0
21153413,74.0
21153414,74.0
21153415,78.0
21153416,78.0
21153417,80.0
21153418,84.0
21153419,88.0
21153420,88.0
21153421,88.0
21153422,90.0
21153423,88.0
21153424,89.0
21153425,89.0
21153426,91.0
21153427,94.0
21153428,95.0
21153429,97.0
21153430,101.0
21153431,101.0
21153432,99.0
21153433,97.0
21153434,100.0
21153435,103.0
21153436,108.0
21153437,110.0
21153438,109.0
21153439,108.0
21153440,107.0
21153441,107.0
21153442,106.0
21153443,105.0
21153444,105.0
21153445,104.0
21153446,103.0
21153447,100.0
21153448,98.0
21153449,101.0
21153450,102.0
21153451,101.0
21153452,99.0
21153453,98.0
21153454,101.0
21153455,101.0
21153456,104.0
21153457,100.0
21153458,99.0
21153459,98.0
21153460,98.0
21153461,98.0
21153462,98.0
21153463,94.0
21153464,90.0
21153465,88.0
21153466,88.0
21153467,91.0
21153468,91.0
21153469,91.0
21153470,89.0
21153471,86.0
21153472,81.0
21153473,76.0
21153474,72.0
21153475,68.0
21153476,67.0
21153477,70.0
21153478,73.0
21153479,76.0
21153480,74.0
21153481,75.0
21153482,75.0
21153483,74.0
21153484,73.0
21153485,72.0
21153486,72.0
21153487,71.0
21153488,71.0
21153489,70.0
21153490,68.0
21153491,66.0
21153492,67.0
21153493,68.0
21153494,68.0
21153495,67.0
21153496,66.0
21153497,66.0
21153498,65.0
21153499,65.0
21153500,63.0
21153501,63.0
21153502,62.0
21153503,63.0
21153504,65.0
21153505,68.0
21153506,68.0
21153507,69.0
21153508,71.0
21153509,74.0
21153510,74.0
21153511,74.0
21153512,74.0
21153513,73.0
21153514,73.0
21153515,73.0
21153516,72.0
21153517,71.0
21153518,71.0
21153519,76.0
21153520,77.0
21153521,76.0
21153522,76.0
21153523,76.0
21153524,75.0
21153525,75.0
21153526,75.0
21153527,73.0
21153528,73.0
21153529,72.0
21153530,72.0
21153531,72.0
21153532,72.0
21153533,70.0
21153534,69.0
21153535,68.0
21153536,68.0
21153537,67.0
21153538,66.0
21153539,66.0
21153540,65.0
21153541,65.0
21153542,65.0
21153543,66.0
21153544,67.0
21153545,70.0
21153546,73.0
21153547,74.0
21153548,74.0
21153549,73.0
21153550,72.0
21153551,72.0
21153552,71.0
21153553,71.0
21153554,71.0
21153555,71.0
21153556,70.0
21153557,69.0
21153558,68.0
21153559,68.0
21153560,69.0
21153561,71.0
21153562,71.0
21153563,71.0
21153564,74.0
21153565,76.0
21153566,75.0
21153567,74.0
21153568,74.0
21153569,76.0
21153570,75.0
21153571,74.0
21153572,74.0
21153573,73.0
21153574,71.0
21153575,71.0
21153576,70.0
21153577,70.0
21153578,70.0
21153579,69.0
21153580,69.0
21153581,69.0
21153582,70.0
21153583,70.0
21153584,70.0
21153585,70.0
21153586,72.0
21153587,72.0
21153588,72.0
21153589,72.0
21153590,72.0
21153591,74.0
21153592,75.0
21153593,76.0
21153594,78.0
21153595,79.0
21153596,82.0
21153597,81.0
21153598,79.0
21153599,79.0
21153600,79.0
21153601,79.0
21153602,79.0
21153603,79.0
21153604,79.0
21153605,79.0
21153606,80.0
21153607,79.0
21153608,81.0
21153609,81.0
21153610,83.0
21153611,86.0
21153612,90.0
21153613,92.0
21153614,91.0
21153615,90.0
21153616,89.0
21153617,88.0
21153618,89.0
21153619,92.0
21153620,95.0
21153621,94.0
21153622,95.0
21153623,96.0
21153624,97.0
21153625,98.0
21153626,100.0
21153627,101.0
21153628,100.0
21153629,99.0
21153630,99.0
21153631,98.0
21153632,99.0
21153633,99.0
21153634,99.0
21153635,100.0
21153636,101.0
21153637,102.0
21153638,103.0
21153639,103.0
21153640,107.0
21153641,109.0
21153642,106.0
21153643,106.0
21153644,107.0
21153645,112.0
21153646,110.0
21153647,108.0
21153648,106.0
21153649,106.0
21153650,109.0
21153651,114.0
21153652,116.0
21153653,122.0
21153654,128.0
21153655,129.0
21153656,129.0
21153657,127.0
21153658,127.0
21153659,121.0
21153660,118.0
21153661,117.0
21153662,114.0
21153663,113.0
21153664,112.0
21153665,112.0
21153666,111.0
21153667,110.0
21153668,113.0
21153669,112.0
21153670,114.0
21153671,115.0
21153672,112.0
21153673,110.0
21153674,109.0
21153675,107.0
21153676,108.0
21153677,108.0
21153678,108.0
21153679,108.0
21153680,108.0
21153681,108.0
21153682,108.0
21153683,108.0
21153684,108.0
21153685,108.0
21153686,108.0
21153687,108.0
21153688,108.0
21153689,107.0
21153690,107.0
21153691,107.0
21153692,107.0
21153693,108.0
21153694,107.0
21153695,105.0
21153696,103.0
21153697,103.0
21153698,101.0
21153699,101.0
21153700,100.0
21153701,100.0
21153702,101.0
21153703,102.0
21153704,101.0
21153705,100.0
21153706,102.0
21153707,105.0
21153708,104.0
21153709,104.0
21153710,103.0
21153711,102.0
21153712,100.0
21153713,98.0
21153714,97.0
21153715,97.0
21153716,96.0
21153717,94.0
21153718,92.0
21153719,91.0
21153720,90.0
21153721,89.0
21153722,88.0
21153723,89.0
21153724,89.0
21153725,90.0
21153726,91.0
21153727,92.0
21153728,92.0
21153729,92.0
21153730,92.0
21153731,92.0
21153732,92.0
21153733,87.0
21153734,85.0
21153735,85.0
21153736,85.0
21153737,85.0
21153738,85.0
21153739,83.0
21153740,83.0
21153741,87.0
21153742,92.0
21153743,95.0
21153744,96.0
21153745,99.0
21153746,102.0
21153747,101.0
21153748,97.0
21153749,97.0
21153750,99.0
21153751,102.0
21153752,103.0
21153753,102.0
21153754,102.0
21153755,106.0
21153756,105.0
21153757,103.0
21153758,101.0
21153759,98.0
21153760,96.0
21153761,96.0
21153762,97.0
21153763,99.0
21153764,103.0
21153765,105.0
21153766,107.0
21153767,108.0
21153768,107.0
21153769,106.0
21153770,104.0
21153771,103.0
21153772,101.0
21153773,99.0
21153774,98.0
21153775,97.0
21153776,100.0
21153777,101.0
21153778,104.0
21153779,105.0
21153780,106.0
21153781,107.0
21153782,106.0
21153783,105.0
21153784,108.0
21153785,112.0
21153786,113.0
21153787,114.0
21153788,114.0
21153789,112.0
21153790,109.0
21153791,107.0
21153792,106.0
21153793,105.0
21153794,105.0
21153795,108.0
21153796,107.0
21153797,106.0
21153798,106.0
21153799,109.0
21153800,108.0
21153801,106.0
21153802,104.0
21153803,102.0
21153804,101.0
21153805,101.0
21153806,100.0
21153807,99.0
21153808,98.0
21153809,96.0
21153810,95.0
21153811,96.0
21153812,98.0
21153813,100.0
21153814,101.0
21153815,100.0
21153816,98.0
21153817,96.0
21153818,96.0
21153819,95.0
21153820,97.0
21153821,100.0
21153822,101.0
21153823,102.0
21153824,102.0
21153825,104.0
21153826,105.0
21153827,104.0
21153828,103.0
21153829,102.0
21153830,102.0
21153831,103.0
21153832,106.0
21153833,106.0
21153834,107.0
21153835,108.0
21153836,108.0
21153837,109.0
21153838,109.0
21153839,110.0
21153840,110.0
21153841,110.0
21153842,110.0
21153843,109.0
21153844,108.0
21153845,106.0
21153846,105.0
21153847,104.0
21153848,103.0
21153849,102.0
21153850,102.0
21153851,102.0
21153852,105.0
21153853,105.0
21153854,105.0
21153855,104.0
21153856,103.0
21153857,102.0
21153858,101.0
21153859,102.0
21153860,104.0
21153861,107.0
21153862,109.0
21153863,112.0
21153864,114.0
21153865,113.0
21153866,112.0
21153867,113.0
21153868,114.0
21153869,117.0
21153870,119.0
21153871,121.0
21153872,125.0
21153873,126.0
21153874,126.0
21153875,126.0
21153876,129.0
21153877,129.0
21153878,129.0
21153879,128.0
21153880,127.0
21153881,126.0
21153882,125.0
21153883,123.0
21153884,121.0
21153885,119.0
21153886,117.0
21153887,115.0
21153888,115.0
21153889,114.0
21153890,113.0
21153891,112.0
21153892,111.0
21153893,109.0
21153894,107.0
21153895,106.0
21153896,105.0
21153897,104.0
21153898,103.0
21153899,103.0
21153900,104.0
21153901,105.0
21153902,106.0
21153903,105.0
21153904,104.0
21153905,103.0
21153906,102.0
21153907,101.0
21153908,100.0
21153909,99.0
21153910,98.0
21153911,98.0
21153912,98.0
21153913,98.0
21153914,98.0
21153915,99.0
21153916,101.0
21153917,101.0
21153918,100.0
21153919,99.0
21153920,99.0
21153921,99.0
21153922,98.0
21153923,98.0
21153924,97.0
21153925,97.0
21153926,97.0
21153927,98.0
21153928,97.0
21153929,96.0
21153930,95.0
21153931,94.0
21153932,95.0
21153933,96.0
21153934,97.0
21153935,97.0
21153936,98.0
21153937,98.0
21153938,98.0
21153939,99.0
21153940,98.0
21153941,98.0
21153942,97.0
21153943,96.0
21153944,94.0
21153945,94.0
21153946,91.0
21153947,89.0
21153948,87.0
21153949,86.0
21153950,85.0
21153951,83.0
21153952,83.0
21153953,81.0
21153954,81.0
21153955,81.0
21153956,81.0
21153957,80.0
21153958,79.0
21153959,78.0
21153960,76.0
21153961,74.0
21153962,72.0
21153963,70.0
21153964,67.0
21153965,65.0
21153966,61.0
21153967,57.0
21153968,55.0
21153969,54.0
21153970,54.0
21153971,55.0
21153972,55.0
21153973,56.0
21153974,59.0
21153975,62.0
21153976,66.0
21153977,70.0
21153978,74.0
21153979,77.0
21153980,79.0
21153981,79.0
21153982,77.0
21153983,77.0
21153984,78.0
21153985,78.0
21153986,79.0
21153987,80.0
21153988,82.0
21153989,84.0
21153990,84.0
21153991,83.0
21153992,82.0
21153993,82.0
21153994,82.0
21153995,83.0
21153996,83.0
21153997,82.0
21153998,82.0
21153999,80.0
21154000,79.0
21154001,78.0
21154002,78.0
21154003,78.0
21154004,77.0
21154005,77.0
21154006,75.0
21154007,76.0
21154008,77.0
21154009,77.0
21154010,80.0
21154011,81.0
21154012,81.0
21154013,79.0
21154014,79.0
21154015,78.0
21154016,77.0
21154017,75.0
21154018,74.0
21154019,71.0
21154020,68.0
21154021,69.0
21154022,72.0
21154023,75.0
21154024,77.0
21154025,78.0
21154026,78.0
21154027,78.0
21154028,78.0
21154029,78.0
21154030,78.0
21154031,77.0
21154032,77.0
21154033,76.0
21154034,75.0
21154035,74.0
21154036,73.0
21154037,73.0
21154038,73.0
21154039,73.0
21154040,72.0
21154041,71.0
21154042,71.0
21154043,72.0
21154044,72.0
21154045,71.0
21154046,70.0
21154047,70.0
21154048,69.0
21154049,68.0
21154050,68.0
21154051,67.0
21154052,67.0
21154053,68.0
21154054,69.0
21154055,71.0
21154056,72.0
21154057,71.0
21154058,71.0
21154059,71.0
21154060,70.0
21154061,69.0
21154062,68.0
21154063,67.0
21154064,67.0
21154065,69.0
21154066,71.0
21154067,73.0
21154068,73.0
21154069,73.0
21154070,73.0
21154071,74.0
21154072,74.0
21154073,74.0
21154074,75.0
21154075,74.0
21154076,74.0
21154077,73.0
21154078,73.0
21154079,72.0
21154080,71.0
21154081,71.0
21154082,71.0
21154083,71.0
21154084,71.0
21154085,71.0
21154086,70.0
21154087,70.0
21154088,69.0
21154089,69.0
21154090,70.0
21154091,70.0
21154092,70.0
21154093,73.0
21154094,74.0
21154095,74.0
21154096,73.0
21154097,72.0
21154098,71.0
21154099,72.0
21154100,73.0
21154101,74.0
21154102,74.0
21154103,73.0
21154104,72.0
21154105,70.0
21154106,69.0
21154107,68.0
21154108,67.0
21154109,66.0
21154110,66.0
21154111,65.0
21154112,64.0
21154113,62.0
21154114,62.0
21154115,61.0
21154116,62.0
21154117,62.0
21154118,63.0
21154119,65.0
21154120,65.0
21154121,64.0
21154122,63.0
21154123,60.0
21154124,60.0
21154125,59.0
21154126,58.0
21154127,58.0
21154128,60.0
21154129,62.0
21154130,63.0
21154131,64.0
21154132,63.0
21154133,63.0
21154134,64.0
21154135,63.0
21154136,63.0
21154137,62.0
21154138,63.0
21154139,64.0
21154140,64.0
21154141,66.0
21154142,66.0
21154143,68.0
21154144,68.0
21154145,68.0
21154146,68.0
21154147,68.0
21154148,68.0
21154149,69.0
21154150,69.0
21154151,70.0
21154152,71.0
21154153,71.0
21154154,71.0
21154155,70.0
21154156,69.0
21154157,69.0
21154158,68.0
21154159,68.0
21154160,68.0
21154161,67.0
21154162,67.0
21154163,66.0
21154164,66.0
21154165,65.0
21154166,64.0
21154167,63.0
21154168,63.0
21154169,62.0
21154170,62.0
21154171,63.0
21154172,64.0
21154173,64.0
21154174,62.0
21154175,59.0
21154176,57.0
21154177,54.0
21154178,51.0
21154179,48.0
21154180,46.0
21154181,46.0
21154182,47.0
21154183,47.0
21154184,49.0
21154185,51.0
21154186,51.0
21154187,52.0
21154188,52.0
21154189,52.0
21154190,50.0
21154191,51.0
21154192,49.0
21154193,47.0
21154194,48.0
21154195,46.0
21154196,47.0
21154197,50.0
21154198,51.0
21154199,51.0
21154200,51.0
21154201,50.0
21154202,49.0
21154203,46.0
21154204,44.0
21154205,44.0
21154206,45.0
21154207,46.0
21154208,44.0
21154209,41.0
21154210,39.0
21154211,39.0
21154212,39.0
21154213,37.0
21154214,35.0
21154215,34.0
21154216,34.0
21154217,35.0
21154218,37.0
21154219,37.0
21154220,36.0
21154221,35.0
21154222,35.0
21154223,35.0
21154224,34.0
21154225,32.0
21154226,30.0
21154227,28.0
21154228,26.0
21154229,26.0
21154230,26.0
21154231,26.0
21154232,26.0
21154233,25.0
21154234,24.0
21154235,24.0
21154236,24.0
21154237,25.0
21154238,25.0
21154239,25.0
21154240,24.0
21154241,25.0
21154242,26.0
21154243,26.0
21154244,25.0
21154245,26.0
21154246,25.0
21154247,24.0
21154248,23.0
21154249,25.0
21154250,27.0
21154251,29.0
21154252,31.0
21154253,33.0
21154254,35.0
21154255,37.0
21154256,39.0
21154257,41.0
21154258,44.0
21154259,46.0
21154260,49.0
21154261,49.0
21154262,48.0
21154263,47.0
21154264,47.0
21154265,48.0
21154266,50.0
21154267,51.0
21154268,53.0
21154269,55.0
21154270,56.0
21154271,55.0
21154272,53.0
21154273,52.0
21154274,52.0
21154275,53.0
21154276,54.0
21154277,56.0
21154278,57.0
21154279,58.0
21154280,60.0
21154281,61.0
21154282,62.0
21154283,63.0
21154284,63.0
21154285,62.0
21154286,59.0
21154287,59.0
21154288,60.0
21154289,59.0
21154290,59.0
21154291,59.0
21154292,57.0
21154293,57.0
21154294,58.0
21154295,58.0
21154296,60.0
21154297,60.0
21154298,60.0
21154299,61.0
21154300,64.0
21154301,66.0
21154302,68.0
21154303,69.0
21154304,68.0
21154305,68.0
21154306,69.0
21154307,70.0
21154308,72.0
21154309,73.0
21154310,73.0
21154311,73.0
21154312,73.0
21154313,74.0
21154314,75.0
21154315,76.0
21154316,75.0
21154317,75.0
21154318,75.0
21154319,75.0
21154320,74.0
21154321,74.0
21154322,73.0
21154323,71.0
21154324,70.0
21154325,71.0
21154326,72.0
21154327,74.0
21154328,74.0
21154329,75.0
21154330,75.0
21154331,75.0
21154332,75.0
21154333,74.0
21154334,74.0
21154335,73.0
21154336,72.0
21154337,71.0
21154338,69.0
21154339,68.0
21154340,66.0
21154341,64.0
21154342,63.0
21154343,62.0
21154344,62.0
21154345,63.0
21154346,65.0
21154347,66.0
21154348,67.0
21154349,68.0
21154350,68.0
21154351,69.0
21154352,71.0
21154353,73.0
21154354,73.0
21154355,72.0
21154356,72.0
21154357,73.0
21154358,71.0
21154359,71.0
21154360,71.0
21154361,71.0
21154362,71.0
21154363,71.0
21154364,71.0
21154365,71.0
21154366,73.0
21154367,74.0
21154368,76.0
21154369,77.0
21154370,77.0
21154371,77.0
21154372,77.0
21154373,76.0
21154374,74.0
21154375,73.0
21154376,73.0
21154377,73.0
21154378,74.0
21154379,74.0
21154380,75.0
21154381,73.0
21154382,73.0
21154383,74.0
21154384,76.0
21154385,75.0
21154386,74.0
21154387,74.0
21154388,73.0
21154389,73.0
21154390,73.0
21154391,74.0
21154392,75.0
21154393,75.0
21154394,75.0
21154395,76.0
21154396,77.0
21154397,78.0
21154398,79.0
21154399,81.0
21154400,82.0
21154401,83.0
21154402,83.0
21154403,83.0
21154404,83.0
21154405,83.0
21154406,83.0
21154407,82.0
21154408,82.0
21154409,84.0
21154410,85.0
21154411,85.0
21154412,85.0
21154413,84.0
21154414,84.0
21154415,84.0
21154416,84.0
21154417,85.0
21154418,86.0
21154419,86.0
21154420,86.0
21154421,88.0
21154422,87.0
21154423,87.0
21154424,87.0
21154425,87.0
21154426,88.0
21154427,88.0
21154428,89.0
21154429,89.0
21154430,92.0
21154431,91.0
21154432,91.0
21154433,91.0
21154434,90.0
21154435,91.0
21154436,90.0
21154437,91.0
21154438,91.0
21154439,93.0
21154440,93.0
21154441,95.0
21154442,94.0
21154443,93.0
21154444,92.0
21154445,92.0
21154446,92.0
21154447,92.0
21154448,93.0
21154449,94.0
21154450,94.0
21154451,95.0
21154452,96.0
21154453,97.0
21154454,98.0
21154455,98.0
21154456,98.0
21154457,97.0
21154458,98.0
21154459,97.0
21154460,96.0
21154461,96.0
21154462,97.0
21154463,98.0
21154464,97.0
21154465,97.0
21154466,97.0
21154467,97.0
21154468,99.0
21154469,97.0
21154470,96.0
21154471,95.0
21154472,94.0
21154473,94.0
21154474,93.0
21154475,93.0
21154476,93.0
21154477,93.0
21154478,93.0
21154479,95.0
21154480,95.0
21154481,95.0
21154482,95.0
21154483,96.0
21154484,96.0
21154485,97.0
21154486,97.0
21154487,98.0
21154488,99.0
21154489,99.0
21154490,99.0
21154491,100.0
21154492,100.0
21154493,100.0
21154494,100.0
21154495,101.0
21154496,103.0
21154497,102.0
21154498,100.0
21154499,99.0
21154500,99.0
21154501,99.0
21154502,98.0
21154503,96.0
21154504,95.0
21154505,95.0
21154506,95.0
21154507,97.0
21154508,97.0
21154509,97.0
21154510,97.0
21154511,99.0
21154512,100.0
21154513,99.0
21154514,99.0
21154515,99.0
21154516,97.0
21154517,97.0
21154518,97.0
21154519,96.0
21154520,95.0
21154521,95.0
21154522,94.0
21154523,93.0
21154524,92.0
21154525,91.0
21154526,90.0
21154527,89.0
21154528,88.0
21154529,87.0
21154530,87.0
21154531,88.0
21154532,90.0
21154533,91.0
21154534,92.0
21154535,94.0
21154536,95.0
21154537,94.0
21154538,94.0
21154539,94.0
21154540,95.0
21154541,96.0
21154542,98.0
21154543,98.0
21154544,100.0
21154545,100.0
21154546,101.0
21154547,99.0
21154548,98.0
21154549,97.0
21154550,97.0
21154551,99.0
21154552,101.0
21154553,104.0
21154554,104.0
21154555,106.0
21154556,103.0
21154557,102.0
21154558,102.0
21154559,101.0
21154560,103.0
21154561,105.0
21154562,106.0
21154563,110.0
21154564,110.0
21154565,109.0
21154566,108.0
21154567,106.0
21154568,106.0
21154569,106.0
21154570,107.0
21154571,107.0
21154572,109.0
21154573,112.0
21154574,116.0
21154575,118.0
21154576,119.0
21154577,122.0
21154578,121.0
21154579,118.0
21154580,115.0
21154581,114.0
21154582,112.0
21154583,108.0
21154584,105.0
21154585,100.0
21154586,98.0
21154587,96.0
21154588,93.0
21154589,91.0
21154590,91.0
21154591,90.0
21154592,91.0
21154593,91.0
21154594,90.0
21154595,90.0
21154596,92.0
21154597,93.0
21154598,94.0
21154599,96.0
21154600,95.0
21154601,94.0
21154602,93.0
21154603,91.0
21154604,90.0
21154605,91.0
21154606,91.0
21154607,90.0
21154608,90.0
21154609,90.0
21154610,91.0
21154611,91.0
21154612,89.0
21154613,87.0
21154614,86.0
21154615,84.0
21154616,83.0
21154617,83.0
21154618,85.0
21154619,88.0
21154620,91.0
21154621,91.0
21154622,90.0
21154623,90.0
21154624,89.0
21154625,90.0
21154626,90.0
21154627,90.0
21154628,91.0
21154629,89.0
21154630,89.0
21154631,88.0
21154632,87.0
21154633,87.0
21154634,87.0
21154635,88.0
21154636,88.0
21154637,88.0
21154638,88.0
21154639,89.0
21154640,88.0
21154641,88.0
21154642,87.0
21154643,86.0
21154644,87.0
21154645,88.0
21154646,88.0
21154647,89.0
21154648,90.0
21154649,90.0
21154650,91.0
21154651,91.0
21154652,90.0
21154653,89.0
21154654,88.0
21154655,86.0
21154656,87.0
21154657,86.0
21154658,88.0
21154659,86.0
21154660,87.0
21154661,85.0
21154662,83.0
21154663,83.0
21154664,82.0
21154665,82.0
21154666,81.0
21154667,80.0
21154668,79.0
21154669,78.0
21154670,77.0
21154671,75.0
21154672,73.0
21154673,73.0
21154674,76.0
21154675,77.0
21154676,77.0
21154677,77.0
21154678,78.0
21154679,80.0
21154680,82.0
21154681,86.0
21154682,87.0
21154683,86.0
21154684,87.0
21154685,88.0
21154686,89.0
21154687,90.0
21154688,89.0
21154689,89.0
21154690,89.0
21154691,89.0
21154692,89.0
21154693,89.0
21154694,89.0
21154695,90.0
21154696,90.0
21154697,89.0
21154698,89.0
21154699,91.0
21154700,91.0
21154701,91.0
21154702,92.0
21154703,93.0
21154704,93.0
21154705,92.0
21154706,93.0
21154707,93.0
21154708,94.0
21154709,93.0
21154710,94.0
21154711,93.0
21154712,92.0
21154713,92.0
21154714,90.0
21154715,89.0
21154716,87.0
21154717,84.0
21154718,82.0
21154719,80.0
21154720,78.0
21154721,77.0
21154722,76.0
21154723,78.0
21154724,79.0
21154725,80.0
21154726,83.0
21154727,81.0
21154728,81.0
21154729,80.0
21154730,79.0
21154731,79.0
21154732,78.0
21154733,78.0
21154734,79.0
21154735,79.0
21154736,80.0
21154737,81.0
21154738,81.0
21154739,81.0
21154740,81.0
21154741,80.0
21154742,79.0
21154743,79.0
21154744,79.0
21154745,78.0
21154746,78.0
21154747,77.0
21154748,76.0
21154749,75.0
21154750,74.0
21154751,75.0
21154752,76.0
21154753,76.0
21154754,76.0
21154755,75.0
21154756,75.0
21154757,76.0
21154758,78.0
21154759,78.0
21154760,77.0
21154761,77.0
21154762,76.0
21154763,77.0
21154764,77.0
21154765,77.0
21154766,77.0
21154767,79.0
21154768,79.0
21154769,80.0
21154770,79.0
21154771,79.0
21154772,79.0
21154773,79.0
21154774,80.0
21154775,82.0
21154776,84.0
21154777,84.0
21154778,83.0
21154779,83.0
21154780,84.0
21154781,86.0
21154782,87.0
21154783,89.0
21154784,92.0
21154785,92.0
21154786,91.0
21154787,89.0
21154788,88.0
21154789,86.0
21154790,85.0
21154791,84.0
21154792,83.0
21154793,82.0
21154794,82.0
21154795,82.0
21154796,81.0
21154797,81.0
21154798,81.0
21154799,83.0
21154800,85.0
21154801,85.0
21154802,85.0
21154803,83.0
21154804,84.0
21154805,85.0
21154806,85.0
21154807,86.0
21154808,88.0
21154809,90.0
21154810,91.0
21154811,93.0
21154812,94.0
21154813,95.0
21154814,94.0
21154815,96.0
21154816,97.0
21154817,97.0
21154818,98.0
21154819,98.0
21154820,97.0
21154821,95.0
21154822,94.0
21154823,94.0
21154824,95.0
21154825,96.0
21154826,97.0
21154827,98.0
21154828,100.0
21154829,100.0
21154830,102.0
21154831,102.0
21154832,104.0
21154833,107.0
21154834,110.0
21154835,114.0
21154836,117.0
21154837,117.0
21154838,119.0
21154839,120.0
21154840,120.0
21154841,121.0
21154842,126.0
21154843,132.0
21154844,136.0
21154845,139.0
21154846,138.0
21154847,141.0
21154848,143.0
21154849,143.0
21154850,144.0
21154851,145.0
21154852,148.0
21154853,152.0
21154854,155.0
21154855,159.0
21154856,162.0
21154857,166.0
21154858,168.0
21154859,167.0
21154860,166.0
21154861,166.0
21154862,167.0
21154863,165.0
21154864,162.0
21154865,160.0
21154866,159.0
21154867,159.0
21154868,159.0
21154869,161.0
21154870,163.0
21154871,164.0
21154872,168.0
21154873,170.0
21154874,165.0
21154875,162.0
21154876,159.0
21154877,157.0
21154878,157.0
21154879,157.0
21154880,156.0
21154881,155.0
21154882,156.0
21154883,154.0
21154884,152.0
21154885,148.0
21154886,145.0
21154887,142.0
21154888,139.0
21154889,137.0
21154890,135.0
21154891,134.0
21154892,132.0
21154893,131.0
21154894,128.0
21154895,126.0
21154896,125.0
21154897,123.0
21154898,121.0
21154899,120.0
21154900,119.0
21154901,117.0
21154902,118.0
21154903,121.0
21154904,124.0
21154905,127.0
21154906,131.0
21154907,134.0
21154908,134.0
21154909,134.0
21154910,135.0
21154911,138.0
21154912,140.0
21154913,141.0
21154914,142.0
21154915,144.0
21154916,143.0
21154917,141.0
21154918,140.0
21154919,139.0
21154920,139.0
21154921,138.0
21154922,139.0
21154923,139.0
21154924,143.0
21154925,148.0
21154926,152.0
21154927,155.0
21154928,159.0
21154929,162.0
21154930,164.0
21154931,166.0
21154932,169.0
21154933,171.0
21154934,169.0
21154935,166.0
21154936,163.0
21154937,160.0
21154938,159.0
21154939,156.0
21154940,154.0
21154941,152.0
21154942,151.0
21154943,150.0
21154944,150.0
21154945,149.0
21154946,147.0
21154947,143.0
21154948,140.0
21154949,136.0
21154950,132.0
21154951,129.0
21154952,127.0
21154953,125.0
21154954,125.0
21154955,125.0
21154956,127.0
21154957,129.0
21154958,130.0
21154959,133.0
21154960,134.0
21154961,133.0
21154962,132.0
21154963,132.0
21154964,133.0
21154965,135.0
21154966,138.0
21154967,141.0
21154968,144.0
21154969,146.0
21154970,148.0
21154971,149.0
21154972,149.0
21154973,148.0
21154974,147.0
21154975,147.0
21154976,147.0
21154977,147.0
21154978,147.0
21154979,147.0
21154980,147.0
21154981,147.0
21154982,147.0
21154983,148.0
21154984,148.0
21154985,149.0
21154986,149.0
21154987,150.0
21154988,151.0
21154989,152.0
21154990,151.0
21154991,149.0
21154992,146.0
21154993,144.0
21154994,142.0
21154995,141.0
21154996,142.0
21154997,140.0
21154998,142.0
21154999,143.0
21155000,143.0
21155001,143.0
21155002,144.0
21155003,145.0
21155004,145.0
21155005,144.0
21155006,143.0
21155007,141.0
21155008,140.0
21155009,139.0
21155010,139.0
21155011,139.0
21155012,141.0
21155013,140.0
21155014,141.0
21155015,142.0
21155016,143.0
21155017,143.0
21155018,143.0
21155019,144.0
21155020,145.0
21155021,146.0
21155022,149.0
21155023,153.0
21155024,154.0
21155025,154.0
21155026,154.0
21155027,153.0
21155028,152.0
21155029,149.0
21155030,145.0
21155031,142.0
21155032,141.0
21155033,140.0
21155034,137.0
21155035,133.0
21155036,131.0
21155037,129.0
21155038,129.0
21155039,130.0
21155040,132.0
21155041,133.0
21155042,136.0
21155043,138.0
21155044,141.0
21155045,143.0
21155046,144.0
21155047,145.0
21155048,145.0
21155049,145.0
21155050,144.0
21155051,144.0
21155052,144.0
21155053,142.0
21155054,141.0
21155055,140.0
21155056,138.0
21155057,136.0
21155058,136.0
21155059,137.0
21155060,138.0
21155061,138.0
21155062,139.0
21155063,139.0
21155064,139.0
21155065,139.0
21155066,139.0
21155067,139.0
21155068,139.0
21155069,139.0
21155070,139.0
21155071,139.0
21155072,140.0
21155073,140.0
21155074,141.0
21155075,141.0
21155076,140.0
21155077,139.0
21155078,140.0
21155079,140.0
21155080,140.0
21155081,140.0
21155082,140.0
21155083,139.0
21155084,137.0
21155085,138.0
21155086,138.0
21155087,137.0
21155088,135.0
21155089,133.0
21155090,131.0
21155091,129.0
21155092,127.0
21155093,125.0
21155094,125.0
21155095,127.0
21155096,128.0
21155097,129.0
21155098,127.0
21155099,126.0
21155100,126.0
21155101,127.0
21155102,127.0
21155103,127.0
21155104,126.0
21155105,125.0
21155106,125.0
21155107,124.0
21155108,124.0
21155109,125.0
21155110,126.0
21155111,126.0
21155112,126.0
21155113,126.0
21155114,127.0
21155115,127.0
21155116,127.0
21155117,127.0
21155118,127.0
21155119,128.0
21155120,129.0
21155121,130.0
21155122,130.0
21155123,130.0
21155124,131.0
21155125,131.0
21155126,132.0
21155127,133.0
21155128,134.0
21155129,135.0
21155130,135.0
21155131,135.0
21155132,136.0
21155133,135.0
21155134,134.0
21155135,134.0
21155136,134.0
21155137,133.0
21155138,132.0
21155139,131.0
21155140,130.0
21155141,129.0
21155142,128.0
21155143,127.0
21155144,126.0
21155145,125.0
21155146,125.0
21155147,126.0
21155148,126.0
21155149,126.0
21155150,126.0
21155151,126.0
21155152,126.0
21155153,126.0
21155154,126.0
21155155,125.0
21155156,124.0
21155157,123.0
21155158,120.0
21155159,118.0
21155160,117.0
21155161,116.0
21155162,114.0
21155163,112.0
21155164,111.0
21155165,109.0
21155166,108.0
21155167,107.0
21155168,106.0
21155169,105.0
21155170,104.0
21155171,107.0
21155172,110.0
21155173,113.0
21155174,116.0
21155175,119.0
21155176,121.0
21155177,122.0
21155178,120.0
21155179,117.0
21155180,113.0
21155181,108.0
21155182,104.0
21155183,100.0
21155184,97.0
21155185,95.0
21155186,96.0
21155187,97.0
21155188,98.0
21155189,99.0
21155190,101.0
21155191,103.0
21155192,105.0
21155193,106.0
21155194,105.0
21155195,106.0
21155196,106.0
21155197,107.0
21155198,107.0
21155199,108.0
21155200,108.0
21155201,106.0
21155202,104.0
21155203,102.0
21155204,102.0
21155205,103.0
21155206,105.0
21155207,107.0
21155208,108.0
21155209,110.0
21155210,110.0
21155211,111.0
21155212,112.0
21155213,112.0
21155214,113.0
21155215,113.0
21155216,114.0
21155217,116.0
21155218,117.0
21155219,117.0
21155220,118.0
21155221,118.0
21155222,117.0
21155223,115.0
21155224,113.0
21155225,113.0
21155226,115.0
21155227,116.0
21155228,117.0
21155229,117.0
21155230,118.0
21155231,119.0
21155232,120.0
21155233,119.0
21155234,119.0
21155235,118.0
21155236,119.0
21155237,119.0
21155238,121.0
21155239,122.0
21155240,123.0
21155241,122.0
21155242,121.0
21155243,119.0
21155244,118.0
21155245,117.0
21155246,116.0
21155247,116.0
21155248,116.0
21155249,117.0
21155250,117.0
21155251,117.0
21155252,118.0
21155253,118.0
21155254,117.0
21155255,117.0
21155256,117.0
21155257,117.0
21155258,117.0
21155259,118.0
21155260,117.0
21155261,116.0
21155262,116.0
21155263,116.0
21155264,116.0
21155265,117.0
21155266,118.0
21155267,118.0
21155268,118.0
21155269,118.0
21155270,119.0
21155271,120.0
21155272,120.0
21155273,120.0
21155274,121.0
21155275,122.0
21155276,121.0
21155277,119.0
21155278,118.0
21155279,119.0
21155280,121.0
21155281,124.0
21155282,126.0
21155283,127.0
21155284,129.0
21155285,130.0
21155286,130.0
21155287,131.0
21155288,131.0
21155289,132.0
21155290,132.0
21155291,134.0
21155292,135.0
21155293,136.0
21155294,138.0
21155295,137.0
21155296,138.0
21155297,139.0
21155298,141.0
21155299,144.0
21155300,145.0
21155301,145.0
21155302,144.0
21155303,143.0
21155304,142.0
21155305,144.0
21155306,145.0
21155307,147.0
21155308,149.0
21155309,151.0
21155310,153.0
21155311,155.0
21155312,154.0
21155313,152.0
21155314,149.0
21155315,146.0
21155316,143.0
21155317,141.0
21155318,139.0
21155319,137.0
21155320,135.0
21155321,133.0
21155322,131.0
21155323,131.0
21155324,130.0
21155325,129.0
21155326,128.0
21155327,128.0
21155328,130.0
21155329,131.0
21155330,132.0
21155331,132.0
21155332,131.0
21155333,131.0
21155334,132.0
21155335,133.0
21155336,133.0
21155337,133.0
21155338,133.0
21155339,134.0
21155340,132.0
21155341,131.0
21155342,131.0
21155343,130.0
21155344,130.0
21155345,130.0
21155346,129.0
21155347,130.0
21155348,130.0
21155349,129.0
21155350,129.0
21155351,129.0
21155352,129.0
21155353,127.0
21155354,127.0
21155355,126.0
21155356,124.0
21155357,123.0
21155358,123.0
21155359,123.0
21155360,124.0
21155361,124.0
21155362,124.0
21155363,124.0
21155364,124.0
21155365,124.0
21155366,124.0
21155367,124.0
21155368,124.0
21155369,124.0
21155370,123.0
21155371,122.0
21155372,121.0
21155373,121.0
21155374,121.0
21155375,123.0
21155376,124.0
21155377,125.0
21155378,127.0
21155379,127.0
21155380,129.0
21155381,129.0
21155382,129.0
21155383,128.0
21155384,127.0
21155385,125.0
21155386,123.0
21155387,122.0
21155388,121.0
21155389,120.0
21155390,119.0
21155391,118.0
21155392,117.0
21155393,118.0
21155394,118.0
21155395,119.0
21155396,120.0
21155397,120.0
21155398,121.0
21155399,121.0
21155400,121.0
21155401,120.0
21155402,119.0
21155403,119.0
21155404,118.0
21155405,118.0
21155406,118.0
21155407,118.0
21155408,118.0
21155409,118.0
21155410,117.0
21155411,116.0
21155412,115.0
21155413,114.0
21155414,113.0
21155415,113.0
21155416,112.0
21155417,112.0
21155418,113.0
21155419,114.0
21155420,115.0
21155421,115.0
21155422,116.0
21155423,117.0
21155424,117.0
21155425,118.0
21155426,118.0
21155427,118.0
21155428,119.0
21155429,120.0
21155430,122.0
21155431,123.0
21155432,124.0
21155433,124.0
21155434,125.0
21155435,126.0
21155436,126.0
21155437,126.0
21155438,126.0
21155439,125.0
21155440,125.0
21155441,126.0
21155442,126.0
21155443,127.0
21155444,127.0
21155445,126.0
21155446,124.0
21155447,123.0
21155448,122.0
21155449,121.0
21155450,121.0
21155451,121.0
21155452,122.0
21155453,123.0
21155454,125.0
21155455,125.0
21155456,124.0
21155457,124.0
21155458,124.0
21155459,123.0
21155460,122.0
21155461,122.0
21155462,121.0
21155463,120.0
21155464,119.0
21155465,120.0
21155466,121.0
21155467,122.0
21155468,123.0
21155469,123.0
21155470,124.0
21155471,123.0
21155472,123.0
21155473,122.0
21155474,122.0
21155475,121.0
21155476,121.0
21155477,122.0
21155478,123.0
21155479,123.0
21155480,123.0
21155481,123.0
21155482,123.0
21155483,124.0
21155484,124.0
21155485,124.0
21155486,123.0
21155487,124.0
21155488,127.0
21155489,127.0
21155490,128.0
21155491,129.0
21155492,129.0
21155493,130.0
21155494,130.0
21155495,130.0
21155496,128.0
21155497,126.0
21155498,125.0
21155499,124.0
21155500,126.0
21155501,126.0
21155502,126.0
21155503,127.0
21155504,127.0
21155505,128.0
21155506,128.0
21155507,129.0
21155508,127.0
21155509,127.0
21155510,126.0
21155511,126.0
21155512,128.0
21155513,130.0
21155514,131.0
21155515,132.0
21155516,133.0
21155517,134.0
21155518,134.0
21155519,133.0
21155520,133.0
21155521,133.0
21155522,132.0
21155523,131.0
21155524,131.0
21155525,131.0
21155526,130.0
21155527,129.0
21155528,128.0
21155529,128.0
21155530,128.0
21155531,128.0
21155532,127.0
21155533,124.0
21155534,123.0
21155535,122.0
21155536,123.0
21155537,121.0
21155538,121.0
21155539,121.0
21155540,121.0
21155541,121.0
21155542,121.0
21155543,120.0
21155544,118.0
21155545,117.0
21155546,115.0
21155547,113.0
21155548,114.0
21155549,115.0
21155550,116.0
21155551,116.0
21155552,116.0
21155553,116.0
21155554,116.0
21155555,117.0
21155556,117.0
21155557,116.0
21155558,116.0
21155559,116.0
21155560,117.0
21155561,117.0
21155562,118.0
21155563,117.0
21155564,116.0
21155565,117.0
21155566,115.0
21155567,117.0
21155568,117.0
21155569,119.0
21155570,120.0
21155571,119.0
21155572,116.0
21155573,115.0
21155574,114.0
21155575,114.0
21155576,116.0
21155577,116.0
21155578,117.0
21155579,119.0
21155580,120.0
21155581,120.0
21155582,121.0
21155583,121.0
21155584,120.0
21155585,118.0
21155586,117.0
21155587,117.0
21155588,117.0
21155589,118.0
21155590,117.0
21155591,118.0
21155592,119.0
21155593,121.0
21155594,120.0
21155595,120.0
21155596,119.0
21155597,119.0
21155598,118.0
21155599,118.0
21155600,118.0
21155601,118.0
21155602,117.0
21155603,116.0
21155604,116.0
21155605,122.0
21155606,122.0
21155607,119.0
21155608,120.0
21155609,121.0
21155610,120.0
21155611,120.0
21155612,115.0
21155613,112.0
21155614,110.0
21155615,108.0
21155616,106.0
21155617,107.0
21155618,104.0
21155619,103.0
21155620,102.0
21155621,101.0
21155622,100.0
21155623,99.0
21155624,97.0
21155625,97.0
21155626,97.0
21155627,97.0
21155628,96.0
21155629,95.0
21155630,95.0
21155631,95.0
21155632,95.0
21155633,96.0
21155634,95.0
21155635,95.0
21155636,96.0
21155637,97.0
21155638,97.0
21155639,96.0
21155640,96.0
21155641,97.0
21155642,97.0
21155643,96.0
21155644,95.0
21155645,97.0
21155646,97.0
21155647,100.0
21155648,102.0
21155649,103.0
21155650,101.0
21155651,100.0
21155652,100.0
21155653,102.0
21155654,104.0
21155655,105.0
21155656,105.0
21155657,105.0
21155658,103.0
21155659,102.0
21155660,101.0
21155661,100.0
21155662,99.0
21155663,98.0
21155664,98.0
21155665,97.0
21155666,97.0
21155667,99.0
21155668,100.0
21155669,102.0
21155670,104.0
21155671,106.0
21155672,106.0
21155673,107.0
21155674,108.0
21155675,111.0
21155676,113.0
21155677,113.0
21155678,113.0
21155679,113.0
21155680,113.0
21155681,114.0
21155682,113.0
21155683,114.0
21155684,115.0
21155685,114.0
21155686,112.0
21155687,113.0
21155688,113.0
21155689,115.0
21155690,116.0
21155691,116.0
21155692,117.0
21155693,117.0
21155694,117.0
21155695,117.0
21155696,120.0
21155697,122.0
21155698,118.0
21155699,117.0
21155700,117.0
21155701,118.0
21155702,118.0
21155703,118.0
21155704,119.0
21155705,118.0
21155706,117.0
21155707,117.0
21155708,116.0
21155709,115.0
21155710,115.0
21155711,116.0
21155712,116.0
21155713,117.0
21155714,118.0
21155715,118.0
21155716,117.0
21155717,114.0
21155718,114.0
21155719,112.0
21155720,111.0
21155721,111.0
21155722,111.0
21155723,111.0
21155724,111.0
21155725,110.0
21155726,111.0
21155727,110.0
21155728,110.0
21155729,110.0
21155730,111.0
21155731,110.0
21155732,109.0
21155733,107.0
21155734,104.0
21155735,101.0
21155736,98.0
21155737,98.0
21155738,97.0
21155739,97.0
21155740,98.0
21155741,98.0
21155742,99.0
21155743,100.0
21155744,100.0
21155745,102.0
21155746,104.0
21155747,103.0
21155748,103.0
21155749,103.0
21155750,104.0
21155751,104.0
21155752,104.0
21155753,104.0
21155754,106.0
21155755,109.0
21155756,111.0
21155757,113.0
21155758,112.0
21155759,111.0
21155760,112.0
21155761,113.0
21155762,113.0
21155763,114.0
21155764,116.0
21155765,118.0
21155766,118.0
21155767,119.0
21155768,119.0
21155769,118.0
21155770,118.0
21155771,119.0
21155772,119.0
21155773,118.0
21155774,118.0
21155775,120.0
21155776,122.0
21155777,123.0
21155778,123.0
21155779,122.0
21155780,122.0
21155781,123.0
21155782,123.0
21155783,126.0
21155784,125.0
21155785,127.0
21155786,128.0
21155787,131.0
21155788,132.0
21155789,133.0
21155790,133.0
21155791,134.0
21155792,136.0
21155793,135.0
21155794,134.0
21155795,134.0
21155796,134.0
21155797,133.0
21155798,133.0
21155799,130.0
21155800,129.0
21155801,127.0
21155802,128.0
21155803,127.0
21155804,125.0
21155805,125.0
21155806,124.0
21155807,124.0
21155808,123.0
21155809,124.0
21155810,123.0
21155811,123.0
21155812,123.0
21155813,123.0
21155814,123.0
21155815,125.0
21155816,126.0
21155817,126.0
21155818,127.0
21155819,128.0
21155820,129.0
21155821,130.0
21155822,132.0
21155823,132.0
21155824,135.0
21155825,136.0
21155826,137.0
21155827,138.0
21155828,139.0
21155829,141.0
21155830,144.0
21155831,147.0
21155832,148.0
21155833,149.0
21155834,151.0
21155835,151.0
21155836,150.0
21155837,146.0
21155838,143.0
21155839,140.0
21155840,136.0
21155841,132.0
21155842,129.0
21155843,129.0
21155844,127.0
21155845,125.0
21155846,124.0
21155847,124.0
21155848,125.0
21155849,127.0
21155850,128.0
21155851,128.0
21155852,129.0
21155853,130.0
21155854,132.0
21155855,134.0
21155856,134.0
21155857,134.0
21155858,133.0
21155859,134.0
21155860,136.0
21155861,137.0
21155862,140.0
21155863,142.0
21155864,139.0
21155865,135.0
21155866,133.0
21155867,129.0
21155868,127.0
21155869,126.0
21155870,125.0
21155871,121.0
21155872,119.0
21155873,116.0
21155874,115.0
21155875,114.0
21155876,114.0
21155877,112.0
21155878,110.0
21155879,107.0
21155880,105.0
21155881,105.0
21155882,102.0
21155883,101.0
21155884,101.0
21155885,99.0
21155886,99.0
21155887,100.0
21155888,102.0
21155889,101.0
21155890,102.0
21155891,104.0
21155892,105.0
21155893,106.0
21155894,106.0
21155895,107.0
21155896,107.0
21155897,105.0
21155898,103.0
21155899,100.0
21155900,97.0
21155901,93.0
21155902,92.0
21155903,92.0
21155904,93.0
21155905,94.0
21155906,96.0
21155907,97.0
21155908,99.0
21155909,99.0
21155910,99.0
21155911,101.0
21155912,102.0
21155913,103.0
21155914,105.0
21155915,103.0
21155916,102.0
21155917,102.0
21155918,104.0
21155919,104.0
21155920,106.0
21155921,109.0
21155922,107.0
21155923,108.0
21155924,109.0
21155925,110.0
21155926,110.0
21155927,110.0
21155928,110.0
21155929,109.0
21155930,108.0
21155931,106.0
21155932,107.0
21155933,107.0
21155934,106.0
21155935,107.0
21155936,107.0
21155937,106.0
21155938,105.0
21155939,106.0
21155940,107.0
21155941,108.0
21155942,110.0
21155943,111.0
21155944,112.0
21155945,111.0
21155946,111.0
21155947,111.0
21155948,110.0
21155949,109.0
21155950,108.0
21155951,106.0
21155952,106.0
21155953,108.0
21155954,106.0
21155955,104.0
21155956,102.0
21155957,102.0
21155958,101.0
21155959,102.0
21155960,100.0
21155961,93.0
21155962,91.0
21155963,90.0
21155964,89.0
21155965,89.0
21155966,90.0
21155967,88.0
21155968,87.0
21155969,89.0
21155970,89.0
21155971,90.0
21155972,91.0
21155973,92.0
21155974,93.0
21155975,95.0
21155976,94.0
21155977,92.0
21155978,92.0
21155979,92.0
21155980,93.0
21155981,93.0
21155982,90.0
21155983,91.0
21155984,90.0
21155985,92.0
21155986,93.0
21155987,93.0
21155988,95.0
21155989,95.0
21155990,95.0
21155991,95.0
21155992,97.0
21155993,97.0
21155994,96.0
21155995,94.0
21155996,94.0
21155997,94.0
21155998,95.0
21155999,95.0
21156000,96.0
21156001,97.0
21156002,97.0
21156003,92.0
21156004,87.0
21156005,83.0
21156006,80.0
21156007,76.0
21156008,72.0
21156009,69.0
21156010,69.0
21156011,69.0
21156012,68.0
21156013,68.0
21156014,69.0
21156015,68.0
21156016,66.0
21156017,63.0
21156018,64.0
21156019,63.0
21156020,62.0
21156021,61.0
21156022,62.0
21156023,62.0
21156024,62.0
21156025,64.0
21156026,64.0
21156027,62.0
21156028,60.0
21156029,59.0
21156030,60.0
21156031,60.0
21156032,61.0
21156033,62.0
21156034,62.0
21156035,63.0
21156036,62.0
21156037,63.0
21156038,63.0
21156039,64.0
21156040,64.0
21156041,62.0
21156042,61.0
21156043,60.0
21156044,60.0
21156045,60.0
21156046,59.0
21156047,59.0
21156048,60.0
21156049,60.0
21156050,60.0
21156051,60.0
21156052,60.0
21156053,58.0
21156054,59.0
21156055,58.0
21156056,60.0
21156057,59.0
21156058,58.0
21156059,57.0
21156060,58.0
21156061,57.0
21156062,56.0
21156063,57.0
21156064,58.0
21156065,59.0
21156066,59.0
21156067,59.0
21156068,59.0
21156069,60.0
21156070,61.0
21156071,61.0
21156072,62.0
21156073,62.0
21156074,63.0
21156075,62.0
21156076,63.0
21156077,64.0
21156078,65.0
21156079,65.0
21156080,65.0
21156081,65.0
21156082,66.0
21156083,66.0
21156084,67.0
21156085,67.0
21156086,66.0
21156087,67.0
21156088,66.0
21156089,66.0
21156090,65.0
21156091,64.0
21156092,64.0
21156093,65.0
21156094,65.0
21156095,65.0
21156096,66.0
21156097,66.0
21156098,66.0
21156099,67.0
21156100,68.0
21156101,68.0
21156102,69.0
21156103,70.0
21156104,70.0
21156105,70.0
21156106,67.0
21156107,67.0
21156108,66.0
21156109,66.0
21156110,63.0
21156111,63.0
21156112,63.0
21156113,63.0
21156114,63.0
21156115,64.0
21156116,64.0
21156117,66.0
21156118,67.0
21156119,68.0
21156120,69.0
21156121,70.0
21156122,71.0
21156123,71.0
21156124,71.0
21156125,70.0
21156126,70.0
21156127,70.0
21156128,70.0
21156129,70.0
21156130,69.0
21156131,68.0
21156132,68.0
21156133,68.0
21156134,67.0
21156135,66.0
21156136,66.0
21156137,66.0
21156138,66.0
21156139,67.0
21156140,66.0
21156141,67.0
21156142,66.0
21156143,67.0
21156144,66.0
21156145,65.0
21156146,66.0
21156147,67.0
21156148,67.0
21156149,68.0
21156150,68.0
21156151,70.0
21156152,70.0
21156153,70.0
21156154,70.0
21156155,70.0
21156156,67.0
21156157,67.0
21156158,67.0
21156159,66.0
21156160,66.0
21156161,66.0
21156162,66.0
21156163,67.0
21156164,67.0
21156165,67.0
21156166,65.0
21156167,64.0
21156168,63.0
21156169,64.0
21156170,63.0
21156171,63.0
21156172,63.0
21156173,62.0
21156174,61.0
21156175,62.0
21156176,62.0
21156177,63.0
21156178,64.0
21156179,64.0
21156180,63.0
21156181,62.0
21156182,62.0
21156183,62.0
21156184,63.0
21156185,63.0
21156186,61.0
21156187,60.0
21156188,59.0
21156189,57.0
21156190,56.0
21156191,55.0
21156192,55.0
21156193,55.0
21156194,54.0
21156195,54.0
21156196,54.0
21156197,54.0
21156198,55.0
21156199,56.0
21156200,56.0
21156201,56.0
21156202,56.0
21156203,55.0
21156204,55.0
21156205,55.0
21156206,55.0
21156207,55.0
21156208,54.0
21156209,54.0
21156210,54.0
21156211,55.0
21156212,52.0
21156213,52.0
21156214,53.0
21156215,54.0
21156216,54.0
21156217,54.0
21156218,54.0
21156219,55.0
21156220,56.0
21156221,56.0
21156222,57.0
21156223,57.0
21156224,56.0
21156225,57.0
21156226,58.0
21156227,56.0
21156228,54.0
21156229,54.0
21156230,55.0
21156231,56.0
21156232,55.0
21156233,55.0
21156234,54.0
21156235,54.0
21156236,54.0
21156237,55.0
21156238,55.0
21156239,56.0
21156240,55.0
21156241,56.0
21156242,57.0
21156243,58.0
21156244,58.0
21156245,59.0
21156246,59.0
21156247,59.0
21156248,58.0
21156249,59.0
21156250,59.0
21156251,59.0
21156252,60.0
21156253,60.0
21156254,60.0
21156255,60.0
21156256,59.0
21156257,58.0
21156258,58.0
21156259,59.0
21156260,59.0
21156261,59.0
21156262,59.0
21156263,59.0
21156264,60.0
21156265,61.0
21156266,60.0
21156267,57.0
21156268,58.0
21156269,58.0
21156270,58.0
21156271,58.0
21156272,58.0
21156273,59.0
21156274,60.0
21156275,60.0
21156276,60.0
21156277,60.0
21156278,60.0
21156279,60.0
21156280,60.0
21156281,61.0
21156282,61.0
21156283,61.0
21156284,62.0
21156285,63.0
21156286,64.0
21156287,65.0
21156288,67.0
21156289,66.0
21156290,68.0
21156291,71.0
21156292,72.0
21156293,71.0
21156294,72.0
21156295,73.0
21156296,74.0
21156297,74.0
21156298,73.0
21156299,72.0
21156300,72.0
21156301,72.0
21156302,73.0
21156303,74.0
21156304,74.0
21156305,75.0
21156306,74.0
21156307,76.0
21156308,77.0
21156309,77.0
21156310,76.0
21156311,76.0
21156312,76.0
21156313,76.0
21156314,77.0
21156315,78.0
21156316,77.0
21156317,76.0
21156318,75.0
21156319,76.0
21156320,75.0
21156321,75.0
21156322,76.0
21156323,76.0
21156324,76.0
21156325,77.0
21156326,77.0
21156327,79.0
21156328,79.0
21156329,79.0
21156330,80.0
21156331,80.0
21156332,82.0
21156333,84.0
21156334,84.0
21156335,83.0
21156336,85.0
21156337,85.0
21156338,85.0
21156339,82.0
21156340,81.0
21156341,80.0
21156342,78.0
21156343,74.0
21156344,71.0
21156345,67.0
21156346,63.0
21156347,61.0
21156348,61.0
21156349,61.0
21156350,60.0
21156351,60.0
21156352,61.0
21156353,60.0
21156354,61.0
21156355,60.0
21156356,61.0
21156357,61.0
21156358,61.0
21156359,61.0
21156360,62.0
21156361,61.0
21156362,62.0
21156363,64.0
21156364,65.0
21156365,65.0
21156366,64.0
21156367,66.0
21156368,68.0
21156369,68.0
21156370,68.0
21156371,69.0
21156372,70.0
21156373,68.0
21156374,69.0
21156375,70.0
21156376,72.0
21156377,73.0
21156378,75.0
21156379,77.0
21156380,77.0
21156381,74.0
21156382,73.0
21156383,72.0
21156384,71.0
21156385,70.0
21156386,69.0
21156387,70.0
21156388,71.0
21156389,72.0
21156390,73.0
21156391,75.0
21156392,74.0
21156393,73.0
21156394,73.0
21156395,73.0
21156396,74.0
21156397,75.0
21156398,75.0
21156399,75.0
21156400,74.0
21156401,75.0
